2 24 720 3 30
  0   0.000   0.000   0   0    0  720
  1  -5.193   3.755   3   1    0 1440
  2  -1.533   5.838   3   1    0 1440
  3   8.211   9.335   3   1    0 1440
  4  -4.142   6.460   3   1    0 1440
  5  -8.331  -6.468   3   1    0 1440
  6  -8.366  -9.836   3   1    0 1440
  7   7.256   5.627   3   1    0 1440
  8  -1.649  -7.362   3   1    0 1440
  9  -0.769   2.942   3   1    0 1440
 10  -2.922   3.753   3   1    0 1440
 11  -4.755   4.015   3   1    0 1440
 12  -8.020   7.008   3   1    0 1440
 13  -4.481  -3.966   3   1  343  358
 14  -2.072  -0.111   3   1  451  466
 15  -3.430   6.086   3   1  275  290
 16   3.725  -7.213   3   1  334  349
 17  -1.921   5.335   3   1   49   64
 18   8.606   1.911   3   1  205  220
 19  -2.270  -4.380   3   1   75   90
 20   6.031   1.776   3   1  404  419
 21  -4.538   2.054   3   1  396  411
 22  -9.584   8.590   3   1   90  105
 23  -1.282   5.474   3   1  441  456
 24   6.974   7.451   3   1  603  618
 25  -2.884   1.679   3  -1  464  479
 26  -9.256   7.203   3  -1  262  277
 27   6.261   5.239   3  -1  511  526
 28   6.114   0.868   3  -1  424  439
 29  -1.277   8.064   3  -1  307  322
 30   3.737  -4.592   3  -1  325  340
 31   0.215   1.011   3  -1  107  122
 32   9.478  -5.811   3  -1  595  610
 33  -7.600  -1.434   3  -1  627  642
 34   4.424  -6.462   3  -1  219  234
 35  -4.793  -1.223   3  -1  152  167
 36   0.411  -7.856   3  -1  567  582
 37   9.401  -8.854   3  -1    0 1440
 38  -0.503   0.566   3  -1    0 1440
 39   9.797   9.511   3  -1    0 1440
 40  -3.411  -2.522   3  -1    0 1440
 41   2.723  -7.906   3  -1    0 1440
 42  -5.925   5.614   3  -1    0 1440
 43  -8.867   3.763   3  -1    0 1440
 44  -8.309  -4.080   3  -1    0 1440
 45   2.490  -8.451   3  -1    0 1440
 46   5.274  -6.797   3  -1    0 1440
 47   1.282  -5.946   3  -1    0 1440
 48  -7.340  -1.115   3  -1    0 1440
 49   0.000   0.000   0   0    0  720
