3 36 720 3 30
  0   0.000   0.000   0   0    0  720
  1   0.564  -6.620   3   1    0 1440
  2   0.301   2.093   3   1    0 1440
  3   5.738   9.136   3   1    0 1440
  4  -8.276  -9.279   3   1    0 1440
  5   3.986  -4.319   3   1    0 1440
  6  -9.610  -6.133   3   1    0 1440
  7   5.322  -9.632   3   1    0 1440
  8  -6.698   1.310   3   1    0 1440
  9   4.495  -3.673   3   1    0 1440
 10  -8.808   9.811   3   1    0 1440
 11   6.414   3.690   3   1    0 1440
 12  -7.661   7.122   3   1    0 1440
 13   4.336  -0.726   3   1    0 1440
 14   2.747  -0.768   3   1    0 1440
 15   3.551  -5.467   3   1    0 1440
 16   0.787  -2.462   3   1    0 1440
 17   4.024   8.881   3   1    0 1440
 18  -9.394   1.594   3   1    0 1440
 19  -7.808   7.788   3   1  223  238
 20   8.018  -5.228   3   1  272  287
 21   8.172  -3.177   3   1   22   37
 22   9.006  -8.252   3   1  134  149
 23  -5.270   1.102   3   1  273  288
 24  -9.790   8.336   3   1   64   79
 25   4.596   4.009   3   1  180  195
 26  -9.224  -0.324   3   1  582  597
 27   7.946   8.453   3   1  212  227
 28   9.132   9.918   3   1  340  355
 29  -5.992   0.890   3   1  304  319
 30   9.172   3.437   3   1  235  250
 31   5.382  -8.879   3   1  148  163
 32  -3.417   4.891   3   1  518  533
 33   2.544   9.436   3   1  626  641
 34  -4.138  -7.250   3   1  363  378
 35   3.071   6.617   3   1  161  176
 36  -4.162  -9.783   3   1   21   36
 37  -6.846  -5.203   3  -1  141  156
 38  -2.163   5.316   3  -1  150  165
 39  -7.992   5.122   3  -1  535  550
 40   3.556   1.130   3  -1  592  607
 41  -2.796  -4.174   3  -1  330  345
 42   5.398  -1.888   3  -1  613  628
 43   8.676   8.701   3  -1  159  174
 44  -0.997   5.395   3  -1  187  202
 45   1.133   3.631   3  -1  251  266
 46   5.355  -8.087   3  -1  259  274
 47   5.899  -7.904   3  -1  101  116
 48  -7.514  -3.793   3  -1  394  409
 49  -8.472   4.704   3  -1   52   67
 50   8.005  -5.942   3  -1  487  502
 51   8.552   9.877   3  -1  447  462
 52  -8.931   0.598   3  -1  143  158
 53  -2.988  -2.286   3  -1  345  360
 54   0.053   7.728   3  -1  581  596
 55   2.064   1.466   3  -1    0 1440
 56  -5.787  -2.750   3  -1    0 1440
 57  -9.199  -7.295   3  -1    0 1440
 58   3.492  -3.455   3  -1    0 1440
 59  -9.431  -6.389   3  -1    0 1440
 60  -5.783   1.804   3  -1    0 1440
 61   3.996   2.384   3  -1    0 1440
 62   0.402  -4.452   3  -1    0 1440
 63  -6.279  -5.230   3  -1    0 1440
 64  -6.224  -9.121   3  -1    0 1440
 65  -4.391   5.110   3  -1    0 1440
 66   5.320   7.509   3  -1    0 1440
 67   2.105  -0.609   3  -1    0 1440
 68   0.167   6.258   3  -1    0 1440
 69   4.205   0.997   3  -1    0 1440
 70   0.129  -4.221   3  -1    0 1440
 71  -0.213  -6.040   3  -1    0 1440
 72  -6.867   9.275   3  -1    0 1440
 73   0.000   0.000   0   0    0  720
