4 16 240 3 30
  0   0.000   0.000   0   0    0  240
  1   6.267   0.981   3   1    0 1440
  2  -4.718   6.925   3   1    0 1440
  3   3.254   7.621   3   1    0 1440
  4   9.654   2.799   3   1    0 1440
  5   8.575   2.701   3   1    0 1440
  6  -9.732  -8.314   3   1    0 1440
  7   9.937   4.969   3   1    0 1440
  8  -4.604   6.053   3   1    0 1440
  9  -5.029   5.070   3   1   53   68
 10  -9.264  -7.979   3   1  105  120
 11   8.738  -9.966   3   1   74   89
 12  -3.420   7.617   3   1    3   18
 13  -5.865  -4.571   3   1  172  187
 14   6.300   5.322   3   1   61   76
 15  -2.219  -7.605   3   1  179  194
 16  -1.654  -7.838   3   1  154  169
 17  -1.548  -4.124   3  -1  138  153
 18  -4.818   6.259   3  -1  125  140
 19  -7.389   0.376   3  -1   95  110
 20   6.070  -0.549   3  -1  195  210
 21  -1.663   6.171   3  -1  103  118
 22  -0.665  -1.272   3  -1  103  118
 23  -5.005   0.918   3  -1  142  157
 24   6.200  -7.679   3  -1  157  172
 25   5.575  -7.408   3  -1    0 1440
 26  -7.754   3.535   3  -1    0 1440
 27   2.111   1.439   3  -1    0 1440
 28   1.706  -1.733   3  -1    0 1440
 29  -1.796   9.104   3  -1    0 1440
 30  -5.500   2.353   3  -1    0 1440
 31   7.323  -7.149   3  -1    0 1440
 32  -6.413   0.367   3  -1    0 1440
 33   0.000   0.000   0   0    0  240
