4 24 360 3 30
  0   0.000   0.000   0   0    0  360
  1   9.687  -5.197   3   1    0 1440
  2  -0.955  -4.964   3   1    0 1440
  3  -0.245  -0.351   3   1    0 1440
  4  -5.758  -6.045   3   1    0 1440
  5  -6.527   0.793   3   1    0 1440
  6  -8.967   1.254   3   1    0 1440
  7   8.719   0.727   3   1    0 1440
  8  -7.198  -2.029   3   1    0 1440
  9   4.269  -5.979   3   1    0 1440
 10   1.731   5.973   3   1    0 1440
 11   4.197   7.644   3   1    0 1440
 12  -4.371   1.759   3   1    0 1440
 13  -1.856  -7.891   3   1  286  301
 14   7.838   1.692   3   1  142  157
 15   1.392  -2.897   3   1   59   74
 16   9.773   2.158   3   1   42   57
 17   9.355  -8.010   3   1  224  239
 18  -8.058  -9.043   3   1  292  307
 19  -4.821   5.113   3   1   10   25
 20   4.237  -7.611   3   1  164  179
 21   1.900   1.014   3   1  191  206
 22   5.011   9.878   3   1  217  232
 23  -7.292  -5.534   3   1   52   67
 24   9.399  -3.848   3   1    5   20
 25   4.342   7.843   3  -1  226  241
 26   2.241  -2.867   3  -1  139  154
 27  -5.680   5.078   3  -1  160  175
 28  -6.697   9.037   3  -1  318  333
 29   0.447  -9.207   3  -1  164  179
 30   1.806   8.200   3  -1  290  305
 31   7.886  -6.478   3  -1  280  295
 32   2.567  -2.163   3  -1  340  355
 33   7.592  -6.082   3  -1  235  250
 34  -1.839   5.686   3  -1  152  167
 35   9.159  -5.010   3  -1  344  359
 36  -3.977   6.882   3  -1  108  123
 37   5.602   8.871   3  -1    0 1440
 38  -8.327  -4.191   3  -1    0 1440
 39  -9.922   5.413   3  -1    0 1440
 40  -2.856   5.746   3  -1    0 1440
 41  -0.056   7.000   3  -1    0 1440
 42  -7.372   3.701   3  -1    0 1440
 43  -8.155  -2.712   3  -1    0 1440
 44  -4.874  -4.071   3  -1    0 1440
 45   7.321   9.002   3  -1    0 1440
 46   8.776  -2.832   3  -1    0 1440
 47  -3.476  -5.302   3  -1    0 1440
 48  -3.360  -9.644   3  -1    0 1440
 49   0.000   0.000   0   0    0  360
