4 32 480 3 30
  0   0.000   0.000   0   0    0  480
  1   3.758   6.270   3   1    0 1440
  2  -1.945   2.536   3   1    0 1440
  3   1.030   5.097   3   1    0 1440
  4  -8.839  -7.728   3   1    0 1440
  5  -5.218   1.413   3   1    0 1440
  6   2.758  -5.596   3   1    0 1440
  7   4.832  -8.990   3   1    0 1440
  8   7.341  -8.669   3   1    0 1440
  9  -7.531  -6.652   3   1    0 1440
 10   5.721   5.883   3   1    0 1440
 11  -7.730   2.060   3   1    0 1440
 12   2.097   4.404   3   1    0 1440
 13   9.830  -6.337   3   1    0 1440
 14  -0.732  -8.409   3   1    0 1440
 15   1.864  -1.036   3   1    0 1440
 16   8.320  -0.636   3   1    0 1440
 17  -5.524   1.701   3   1  213  228
 18  -9.908   6.598   3   1  107  122
 19   4.771   6.467   3   1  318  333
 20   8.902   3.344   3   1  384  399
 21  -8.599   1.372   3   1  158  173
 22  -7.993   8.502   3   1   60   75
 23  -2.572   9.361   3   1  260  275
 24  -0.482  -8.983   3   1  288  303
 25  -3.849  -1.958   3   1  405  420
 26  -6.794  -2.976   3   1   42   57
 27  -4.674   4.369   3   1  174  189
 28  -8.063   7.000   3   1  211  226
 29   9.888  -4.076   3   1  146  161
 30   8.307  -3.782   3   1  312  327
 31   9.934   5.769   3   1  169  184
 32   5.090  -0.386   3   1  162  177
 33   5.584  -9.885   3  -1  387  402
 34   5.726   1.117   3  -1   68   83
 35   3.075  -1.551   3  -1  304  319
 36  -3.473   6.384   3  -1  179  194
 37   6.948  -4.385   3  -1   45   60
 38  -3.986   1.732   3  -1  158  173
 39  -4.510   1.102   3  -1  162  177
 40   9.156  -0.123   3  -1  260  275
 41  -9.093   7.567   3  -1  241  256
 42   8.728   7.993   3  -1  362  377
 43  -7.225   3.683   3  -1  221  236
 44  -3.559   6.501   3  -1  426  441
 45   1.333  -9.161   3  -1   96  111
 46   8.180   0.600   3  -1  214  229
 47   3.069   5.212   3  -1  268  283
 48   0.933   4.203   3  -1  232  247
 49   6.473   6.536   3  -1    0 1440
 50  -1.367   4.495   3  -1    0 1440
 51   4.325   8.434   3  -1    0 1440
 52  -2.297  -9.508   3  -1    0 1440
 53   2.356   0.364   3  -1    0 1440
 54  -1.315   1.371   3  -1    0 1440
 55   5.847   9.129   3  -1    0 1440
 56   9.221  -3.885   3  -1    0 1440
 57  -9.114  -7.382   3  -1    0 1440
 58  -8.480   6.550   3  -1    0 1440
 59   7.951   6.698   3  -1    0 1440
 60   8.705  -9.561   3  -1    0 1440
 61  -2.133   9.249   3  -1    0 1440
 62  -1.233   9.324   3  -1    0 1440
 63  -4.524  -2.024   3  -1    0 1440
 64   1.182  -7.887   3  -1    0 1440
 65   0.000   0.000   0   0    0  480
