5 40 480 3 30
  0   0.000   0.000   0   0    0  480
  1  -4.649  -3.925   3   1    0 1440
  2  -2.785   1.162   3   1    0 1440
  3   5.703  -1.239   3   1    0 1440
  4   2.849  -2.644   3   1    0 1440
  5   0.441   7.066   3   1    0 1440
  6  -2.903  -7.026   3   1    0 1440
  7  -1.453  -8.354   3   1    0 1440
  8   1.976  -4.874   3   1    0 1440
  9   4.550  -6.597   3   1    0 1440
 10  -6.180   9.153   3   1    0 1440
 11   1.692   1.008   3   1    0 1440
 12   9.355  -3.708   3   1    0 1440
 13  -4.386   3.038   3   1    0 1440
 14   5.483  -2.664   3   1    0 1440
 15   7.694  -8.784   3   1    0 1440
 16  -3.971   4.629   3   1    0 1440
 17  -2.978   7.711   3   1    0 1440
 18  -2.961  -8.510   3   1    0 1440
 19   3.262   0.589   3   1    0 1440
 20   6.087  -4.560   3   1    0 1440
 21  -2.185   7.550   3   1   46   61
 22   6.019  -2.870   3   1    5   20
 23  -6.776   7.117   3   1  329  344
 24  -7.249   3.085   3   1   27   42
 25   2.798  -9.750   3   1   79   94
 26  -3.545  -4.413   3   1   60   75
 27  -2.022  -5.988   3   1  183  198
 28  -3.774  -6.201   3   1  256  271
 29  -5.958  -0.135   3   1  367  382
 30  -4.436  -4.510   3   1  171  186
 31  -3.205  -4.345   3   1  311  326
 32  -0.541   4.308   3   1  113  128
 33   7.204  -4.895   3   1  179  194
 34   3.845   0.100   3   1   16   31
 35  -7.706   7.378   3   1   59   74
 36   4.894  -3.245   3   1  343  358
 37   4.907  -2.180   3   1  298  313
 38  -7.346  -2.275   3   1  106  121
 39   3.121  -1.908   3   1  323  338
 40   6.644  -7.174   3   1  204  219
 41  -7.676  -8.822   3  -1  261  276
 42  -7.319  -1.480   3  -1  242  257
 43   3.045  -4.028   3  -1   53   68
 44   4.340   6.234   3  -1  308  323
 45   8.615  -2.290   3  -1  220  235
 46   6.964   5.916   3  -1  450  465
 47  -8.733   4.623   3  -1   96  111
 48  -8.162  -6.862   3  -1  262  277
 49   8.841  -6.689   3  -1  146  161
 50   6.160   1.176   3  -1  305  320
 51  -8.382  -1.241   3  -1  240  255
 52   5.856  -7.672   3  -1  292  307
 53   0.875  -2.740   3  -1  160  175
 54   9.236  -9.392   3  -1   94  109
 55   5.158  -8.903   3  -1  432  447
 56  -5.083  -4.817   3  -1  382  397
 57   6.875   8.030   3  -1  163  178
 58   7.385   3.331   3  -1  458  473
 59   8.945  -3.700   3  -1  175  190
 60  -8.217  -6.578   3  -1   95  110
 61  -8.884  -0.970   3  -1    0 1440
 62   5.059   0.648   3  -1    0 1440
 63   7.670  -9.065   3  -1    0 1440
 64  -2.026  -5.759   3  -1    0 1440
 65   7.503  -6.613   3  -1    0 1440
 66   9.474   1.895   3  -1    0 1440
 67   9.710  -4.472   3  -1    0 1440
 68  -8.453   3.356   3  -1    0 1440
 69   6.580  -8.841   3  -1    0 1440
 70  -6.090   8.649   3  -1    0 1440
 71   1.447  -2.954   3  -1    0 1440
 72   3.501   5.046   3  -1    0 1440
 73  -6.976  -8.783   3  -1    0 1440
 74  -2.558   7.644   3  -1    0 1440
 75  -8.314   2.159   3  -1    0 1440
 76   7.723  -9.617   3  -1    0 1440
 77  -2.821  -9.438   3  -1    0 1440
 78   0.021   6.962   3  -1    0 1440
 79   4.167   8.226   3  -1    0 1440
 80   2.072  -3.256   3  -1    0 1440
 81   0.000   0.000   0   0    0  480
