5 50 600 3 30
  0   0.000   0.000   0   0    0  600
  1   2.506  -4.793   3   1    0 1440
  2   6.501   0.953   3   1    0 1440
  3   7.094  -1.770   3   1    0 1440
  4   3.457  -0.466   3   1    0 1440
  5  -1.549   4.286   3   1    0 1440
  6  -8.379   1.354   3   1    0 1440
  7  -0.080  -2.092   3   1    0 1440
  8   7.635  -4.289   3   1    0 1440
  9  -1.676   3.104   3   1    0 1440
 10   3.086  -9.654   3   1    0 1440
 11   0.127  -8.484   3   1    0 1440
 12   9.860   3.711   3   1    0 1440
 13  -4.556   5.628   3   1    0 1440
 14  -1.692  -2.110   3   1    0 1440
 15   0.598  -4.743   3   1    0 1440
 16   9.897  -1.092   3   1    0 1440
 17  -9.243   0.479   3   1    0 1440
 18  -8.298  -9.183   3   1    0 1440
 19   5.395   4.479   3   1    0 1440
 20   0.740  -4.804   3   1    0 1440
 21  -5.229   5.693   3   1    0 1440
 22   4.590  -0.283   3   1    0 1440
 23  -0.875  -9.460   3   1    0 1440
 24   5.324  -1.342   3   1    0 1440
 25  -7.996   7.576   3   1    0 1440
 26   1.785  -8.111   3   1  158  173
 27   5.239   5.080   3   1  318  333
 28  -1.991  -8.292   3   1  243  258
 29   1.877   3.273   3   1  174  189
 30   9.799  -2.238   3   1  104  119
 31  -5.518   5.417   3   1  187  202
 32   7.976   4.167   3   1  292  307
 33  -9.981   2.577   3   1  162  177
 34  -5.641   1.556   3   1   22   37
 35  -9.425  -2.313   3   1  279  294
 36   4.143   8.102   3   1   56   71
 37  -8.016   2.565   3   1  228  243
 38   9.509  -7.712   3   1  411  426
 39   3.112   0.345   3   1  237  252
 40   6.380   1.904   3   1  435  450
 41   2.739   4.059   3   1   63   78
 42  -5.580   6.005   3   1  444  459
 43   8.108  -7.139   3   1   51   66
 44   1.306   7.284   3   1  104  119
 45   2.525   7.555   3   1  334  349
 46  -3.650  -7.555   3   1  194  209
 47   8.560   5.699   3   1  308  323
 48   8.057  -4.012   3   1  528  543
 49  -7.537  -5.934   3   1   76   91
 50  -4.028   3.026   3   1  276  291
 51   6.175   1.630   3  -1  307  322
 52   3.031   1.080   3  -1  115  130
 53   0.396  -1.042   3  -1  584  599
 54  -4.293  -8.162   3  -1  309  324
 55  -0.334  -9.848   3  -1  540  555
 56  -7.513  -1.456   3  -1  361  376
 57  -8.950   5.128   3  -1  387  402
 58   1.629  -1.412   3  -1  118  133
 59  -4.318   6.554   3  -1  440  455
 60   0.011  -7.380   3  -1  364  379
 61   1.071  -5.587   3  -1  348  363
 62  -3.966   1.213   3  -1  438  453
 63  -8.866   3.352   3  -1  484  499
 64   0.987   4.019   3  -1  573  588
 65  -7.657  -6.298   3  -1  555  570
 66   6.788  -9.756   3  -1  569  584
 67   0.371  -7.728   3  -1  444  459
 68  -7.868   5.413   3  -1  405  420
 69  -9.143   1.023   3  -1  428  443
 70   9.331   8.630   3  -1  405  420
 71  -0.772   0.029   3  -1  394  409
 72  -0.074  -6.503   3  -1  319  334
 73  -5.746   9.604   3  -1  221  236
 74  -8.693   6.141   3  -1  496  511
 75   1.536   6.483   3  -1  114  129
 76  -2.777   6.981   3  -1    0 1440
 77  -8.247   0.931   3  -1    0 1440
 78  -4.479   7.726   3  -1    0 1440
 79  -3.148   2.417   3  -1    0 1440
 80  -2.259  -1.543   3  -1    0 1440
 81   0.461  -7.942   3  -1    0 1440
 82   3.843   9.865   3  -1    0 1440
 83   5.104   5.100   3  -1    0 1440
 84  -6.891  -3.934   3  -1    0 1440
 85   7.944   3.847   3  -1    0 1440
 86   3.646  -8.095   3  -1    0 1440
 87  -3.613   7.401   3  -1    0 1440
 88   5.377   3.676   3  -1    0 1440
 89   3.696  -4.310   3  -1    0 1440
 90   0.049  -2.063   3  -1    0 1440
 91  -1.489  -9.574   3  -1    0 1440
 92   4.569  -7.478   3  -1    0 1440
 93  -5.494   0.674   3  -1    0 1440
 94   0.183   3.594   3  -1    0 1440
 95  -3.294  -7.129   3  -1    0 1440
 96   9.251   8.254   3  -1    0 1440
 97   0.993   2.618   3  -1    0 1440
 98   7.038   4.062   3  -1    0 1440
 99   2.170  -4.677   3  -1    0 1440
100   6.629  -6.744   3  -1    0 1440
101   0.000   0.000   0   0    0  600
