5 60 720 3 30
  0   0.000   0.000   0   0    0  720
  1  -1.294  -9.755   3   1    0 1440
  2   0.454   3.113   3   1    0 1440
  3   0.751  -9.240   3   1    0 1440
  4   8.161  -9.940   3   1    0 1440
  5   6.076  -8.525   3   1    0 1440
  6  -6.100  -4.192   3   1    0 1440
  7   4.209   4.397   3   1    0 1440
  8   9.099  -3.897   3   1    0 1440
  9   0.917  -5.892   3   1    0 1440
 10   0.984  -3.537   3   1    0 1440
 11   7.843  -9.457   3   1    0 1440
 12   6.264  -9.162   3   1    0 1440
 13   2.052   9.663   3   1    0 1440
 14  -4.474   5.642   3   1    0 1440
 15   7.767  -9.277   3   1    0 1440
 16   2.387  -5.939   3   1    0 1440
 17   9.230   1.023   3   1    0 1440
 18   9.476   9.230   3   1    0 1440
 19  -3.682   4.389   3   1    0 1440
 20  -4.877  -5.638   3   1    0 1440
 21  -7.878  -4.318   3   1    0 1440
 22   9.905   3.267   3   1    0 1440
 23   7.171   0.775   3   1    0 1440
 24  -3.213   9.004   3   1    0 1440
 25   7.112  -9.650   3   1    0 1440
 26   9.165  -0.178   3   1    0 1440
 27   2.958   5.920   3   1    0 1440
 28   6.328  -6.274   3   1    0 1440
 29   7.808  -4.294   3   1    0 1440
 30  -1.326  -7.371   3   1    0 1440
 31   0.613   3.720   3   1  537  552
 32   2.035   2.915   3   1  450  465
 33   0.303   9.305   3   1  443  458
 34  -2.200   1.999   3   1  400  415
 35   4.509   8.910   3   1  591  606
 36   3.869   3.286   3   1  546  561
 37   4.672  -8.643   3   1  596  611
 38   7.649  -1.798   3   1   75   90
 39  -8.142   7.098   3   1  233  248
 40   0.552  -0.360   3   1   16   31
 41  -8.215  -0.176   3   1  570  585
 42  -2.259  -3.836   3   1  365  380
 43  -7.269   8.174   3   1  134  149
 44   6.248  -5.483   3   1  405  420
 45  -3.200   3.167   3   1  246  261
 46  -9.743   6.436   3   1  561  576
 47   6.926   4.061   3   1  408  423
 48   1.336  -3.058   3   1  512  527
 49   8.005   1.216   3   1  142  157
 50   5.306  -3.943   3   1  556  571
 51   8.358  -6.813   3   1  347  362
 52   0.660  -5.028   3   1   55   70
 53  -8.028   3.360   3   1  355  370
 54  -4.263  -4.736   3   1  160  175
 55  -9.218  -4.901   3   1  226  241
 56  -0.582   9.290   3   1  235  250
 57   6.168   3.752   3   1  176  191
 58  -5.727   7.141   3   1  564  579
 59   8.819  -8.866   3   1  239  254
 60   1.907   4.618   3   1  349  364
 61  -6.817   3.288   3  -1  200  215
 62  -9.760   7.218   3  -1  203  218
 63  -8.017  -1.299   3  -1  271  286
 64   4.800  -4.668   3  -1  420  435
 65  -4.627  -8.667   3  -1  563  578
 66   2.385  -6.131   3  -1  415  430
 67   2.575   4.454   3  -1  238  253
 68  -5.092   2.212   3  -1  115  130
 69  -7.037   1.677   3  -1  429  444
 70  -0.162   1.044   3  -1  545  560
 71  -2.880   9.319   3  -1  323  338
 72  -6.782  -7.928   3  -1  278  293
 73   6.280  -3.551   3  -1  399  414
 74  -4.452   1.629   3  -1  631  646
 75  -7.454  -8.124   3  -1  514  529
 76   2.860   8.850   3  -1  173  188
 77   6.693   9.772   3  -1  573  588
 78   6.036  -9.686   3  -1  642  657
 79   2.366  -4.019   3  -1  665  680
 80   1.507  -9.235   3  -1  148  163
 81   8.532  -7.155   3  -1   58   73
 82   5.232  -6.034   3  -1  509  524
 83  -6.804  -1.806   3  -1  142  157
 84  -2.330  -3.983   3  -1  308  323
 85   2.334   1.501   3  -1  649  664
 86   6.624  -6.473   3  -1  618  633
 87  -4.350   8.640   3  -1  325  340
 88   8.545  -0.405   3  -1  127  142
 89  -3.235  -1.418   3  -1  538  553
 90   5.369  -2.322   3  -1   90  105
 91  -5.210   0.963   3  -1    0 1440
 92   0.128  -8.143   3  -1    0 1440
 93   4.814  -3.777   3  -1    0 1440
 94  -7.450   1.526   3  -1    0 1440
 95  -0.666  -9.785   3  -1    0 1440
 96  -1.111   6.498   3  -1    0 1440
 97  -2.889  -1.608   3  -1    0 1440
 98  -9.573   0.563   3  -1    0 1440
 99  -9.134  -8.836   3  -1    0 1440
100  -1.036  -7.449   3  -1    0 1440
101   7.060  -9.305   3  -1    0 1440
102   4.565  -8.973   3  -1    0 1440
103   5.698  -5.911   3  -1    0 1440
104  -8.263  -5.549   3  -1    0 1440
105  -3.691  -6.102   3  -1    0 1440
106   4.450  -0.104   3  -1    0 1440
107   1.681  -3.250   3  -1    0 1440
108   4.491   7.500   3  -1    0 1440
109  -9.769   6.179   3  -1    0 1440
110   2.427   9.823   3  -1    0 1440
111  -3.377   1.525   3  -1    0 1440
112   1.782  -2.904   3  -1    0 1440
113  -5.978   6.033   3  -1    0 1440
114  -2.632   2.678   3  -1    0 1440
115   0.683   1.999   3  -1    0 1440
116  -2.695   5.476   3  -1    0 1440
117   3.834   9.356   3  -1    0 1440
118   0.016  -0.755   3  -1    0 1440
119   1.217   2.179   3  -1    0 1440
120   7.916   7.171   3  -1    0 1440
121   0.000   0.000   0   0    0  720
