6 48 480 3 30
  0   0.000   0.000   0   0    0  480
  1  -1.911   3.957   3   1    0 1440
  2  -8.195  -8.019   3   1    0 1440
  3  -3.127   7.633   3   1    0 1440
  4   2.371  -0.729   3   1    0 1440
  5  -7.510   1.432   3   1    0 1440
  6  -9.155   1.114   3   1    0 1440
  7  -1.319   9.851   3   1    0 1440
  8  -7.624   0.897   3   1    0 1440
  9   9.929  -7.148   3   1    0 1440
 10  -5.584   4.270   3   1    0 1440
 11  -0.648  -0.798   3   1    0 1440
 12   2.016   1.949   3   1    0 1440
 13  -5.789   6.341   3   1    0 1440
 14   5.921   8.891   3   1    0 1440
 15  -3.900  -7.975   3   1    0 1440
 16  -4.831   4.243   3   1    0 1440
 17   3.248  -6.768   3   1    0 1440
 18  -1.612   1.206   3   1    0 1440
 19   6.147  -0.595   3   1    0 1440
 20  -6.147   5.047   3   1    0 1440
 21  -4.158  -8.027   3   1    0 1440
 22  -3.718   1.164   3   1    0 1440
 23   8.219  -8.733   3   1    0 1440
 24   0.842   0.688   3   1    0 1440
 25  -1.717   4.723   3   1  224  239
 26  -6.668   9.091   3   1   89  104
 27   4.317   3.129   3   1  253  268
 28   0.925  -4.877   3   1   65   80
 29   7.598   6.871   3   1   36   51
 30   3.094   1.598   3   1  246  261
 31  -8.227  -0.050   3   1  204  219
 32  -9.368   1.293   3   1  382  397
 33   5.577  -7.574   3   1  216  231
 34   4.513   2.904   3   1   36   51
 35   6.002  -7.971   3   1  338  353
 36  -6.212  -4.193   3   1  204  219
 37   7.562  -8.187   3   1  286  301
 38   1.566   3.482   3   1  165  180
 39   1.688  -8.092   3   1  149  164
 40   2.239  -3.226   3   1  173  188
 41  -1.505  -4.504   3   1  294  309
 42  -8.404   9.983   3   1  203  218
 43  -0.268  -3.142   3   1  261  276
 44  -9.488  -9.380   3   1  125  140
 45  -1.513  -5.595   3   1  415  430
 46   1.547  -1.578   3   1  163  178
 47   6.684  -1.081   3   1  364  379
 48  -7.064   1.653   3   1  234  249
 49  -2.412  -1.821   3  -1   98  113
 50   1.317  -7.234   3  -1  234  249
 51   5.643   1.913   3  -1   77   92
 52   1.126  -0.928   3  -1  361  376
 53   0.196  -1.021   3  -1  104  119
 54  -3.207  -6.689   3  -1  302  317
 55   1.400  -7.362   3  -1  456  471
 56  -5.557  -5.643   3  -1  196  211
 57   1.231   7.562   3  -1  111  126
 58  -0.067   3.687   3  -1  444  459
 59   6.177  -9.215   3  -1  153  168
 60  -8.370  -6.871   3  -1  148  163
 61   1.810  -5.938   3  -1  348  363
 62  -3.562  -3.182   3  -1  271  286
 63  -3.253  -1.048   3  -1  135  150
 64   3.368   9.439   3  -1  193  208
 65  -1.209  -7.550   3  -1  246  261
 66   4.465  -9.664   3  -1  414  429
 67  -5.453   2.488   3  -1  225  240
 68  -1.591  -7.256   3  -1  364  379
 69  -1.156  -2.133   3  -1  418  433
 70   3.036  -9.475   3  -1  306  321
 71   3.773  -8.549   3  -1  385  400
 72  -0.161  -7.952   3  -1  258  273
 73   8.195   7.687   3  -1    0 1440
 74  -8.460   8.378   3  -1    0 1440
 75  -5.780   6.290   3  -1    0 1440
 76  -7.427  -7.911   3  -1    0 1440
 77  -9.692   8.865   3  -1    0 1440
 78  -0.293  -6.218   3  -1    0 1440
 79   2.065   6.496   3  -1    0 1440
 80   9.827   9.723   3  -1    0 1440
 81   4.040  -1.293   3  -1    0 1440
 82   9.632   9.636   3  -1    0 1440
 83   7.234   2.873   3  -1    0 1440
 84  -4.033   5.386   3  -1    0 1440
 85   7.159  -2.488   3  -1    0 1440
 86  -1.856  -7.142   3  -1    0 1440
 87   8.435   4.114   3  -1    0 1440
 88  -1.374  -4.858   3  -1    0 1440
 89  -8.856   0.524   3  -1    0 1440
 90   4.312  -2.598   3  -1    0 1440
 91  -5.036   1.546   3  -1    0 1440
 92  -6.889   3.995   3  -1    0 1440
 93  -4.318   0.395   3  -1    0 1440
 94  -7.367   8.321   3  -1    0 1440
 95  -3.184  -7.819   3  -1    0 1440
 96  -6.224  -7.081   3  -1    0 1440
 97   0.000   0.000   0   0    0  480
