6 60 600 3 30
  0   0.000   0.000   0   0    0  600
  1   8.567   1.033   3   1    0 1440
  2  -5.491  -4.147   3   1    0 1440
  3  -9.197  -3.900   3   1    0 1440
  4   5.322   0.202   3   1    0 1440
  5  -7.188  -3.473   3   1    0 1440
  6  -7.950  -6.891   3   1    0 1440
  7   7.276  -4.982   3   1    0 1440
  8  -0.195   6.073   3   1    0 1440
  9  -9.404  -2.566   3   1    0 1440
 10  -4.583  -2.602   3   1    0 1440
 11   0.378  -9.974   3   1    0 1440
 12  -0.832   8.001   3   1    0 1440
 13   1.964  -8.387   3   1    0 1440
 14  -5.200   0.681   3   1    0 1440
 15   4.525   8.906   3   1    0 1440
 16   8.969   0.182   3   1    0 1440
 17  -7.670  -8.574   3   1    0 1440
 18  -5.374   2.605   3   1    0 1440
 19   3.606   3.356   3   1    0 1440
 20   1.219   8.360   3   1    0 1440
 21  -9.195  -7.642   3   1    0 1440
 22   0.522  -4.241   3   1    0 1440
 23  -1.246  -8.208   3   1    0 1440
 24   5.442   6.916   3   1    0 1440
 25  -9.282   2.025   3   1    0 1440
 26  -6.402   6.889   3   1    0 1440
 27   7.780  -6.382   3   1    0 1440
 28  -7.999  -8.846   3   1    0 1440
 29  -3.799   4.399   3   1    0 1440
 30   9.790  -8.499   3   1    0 1440
 31   8.935   3.135   3   1  310  325
 32   0.007   6.792   3   1  445  460
 33  -6.015   9.278   3   1  129  144
 34  -8.248   5.474   3   1  468  483
 35  -3.162   3.879   3   1  461  476
 36  -9.426  -9.465   3   1  478  493
 37   2.018   5.157   3   1  323  338
 38  -3.344  -3.474   3   1   55   70
 39  -6.959  -3.268   3   1  405  420
 40   1.546  -5.360   3   1  188  203
 41  -7.995   6.085   3   1  407  422
 42   3.185   6.122   3   1  500  515
 43   3.855   9.544   3   1  294  309
 44   1.513  -3.948   3   1  516  531
 45  -1.892  -3.451   3   1   91  106
 46  -8.415  -2.530   3   1  361  376
 47   4.447  -2.738   3   1  111  126
 48  -7.644  -9.428   3   1  470  485
 49   9.106  -6.824   3   1   36   51
 50   4.067   7.013   3   1  221  236
 51   6.129  -0.718   3   1   82   97
 52   2.681  -0.547   3   1  283  298
 53  -7.143   8.719   3   1  138  153
 54  -7.168  -1.154   3   1  295  310
 55  -3.717  -6.716   3   1   31   46
 56  -5.371   1.325   3   1   98  113
 57   9.527   1.873   3   1   12   27
 58   4.940  -5.287   3   1   44   59
 59   5.202   6.238   3   1  468  483
 60  -8.633  -0.156   3   1    4   19
 61   1.055  -7.425   3  -1  174  189
 62   2.886   1.026   3  -1  167  182
 63  -6.410  -6.398   3  -1  530  545
 64  -2.665   0.130   3  -1  125  140
 65  -2.122  -5.231   3  -1  291  306
 66   4.801  -7.954   3  -1  421  436
 67  -9.388  -1.691   3  -1  131  146
 68   2.818   5.658   3  -1  148  163
 69   6.461  -3.304   3  -1   46   61
 70  -7.982   5.619   3  -1  373  388
 71   8.431   6.905   3  -1  131  146
 72   8.955   2.278   3  -1   72   87
 73  -0.446   6.982   3  -1  527  542
 74  -3.213  -9.128   3  -1  111  126
 75  -8.532  -8.041   3  -1  265  280
 76  -2.624  -3.633   3  -1  125  140
 77   6.745  -7.644   3  -1  413  428
 78   1.525  -7.373   3  -1  147  162
 79   4.591   5.218   3  -1  357  372
 80  -9.982  -8.100   3  -1   69   84
 81   6.425   9.711   3  -1  541  556
 82   8.680  -9.296   3  -1  181  196
 83  -6.965   0.180   3  -1  190  205
 84   4.806  -1.953   3  -1  515  530
 85  -8.347   4.074   3  -1  500  515
 86  -4.707  -8.042   3  -1  239  254
 87  -7.237  -9.862   3  -1  111  126
 88   0.660  -2.239   3  -1  351  366
 89   6.515  -2.007   3  -1  225  240
 90  -6.565   6.706   3  -1  355  370
 91   7.424   0.959   3  -1    0 1440
 92   4.557  -3.104   3  -1    0 1440
 93  -5.324  -2.397   3  -1    0 1440
 94  -0.396  -7.094   3  -1    0 1440
 95  -0.893  -8.763   3  -1    0 1440
 96  -8.973  -7.925   3  -1    0 1440
 97  -8.990  -4.847   3  -1    0 1440
 98   5.160  -6.552   3  -1    0 1440
 99  -2.567  -7.681   3  -1    0 1440
100  -5.929  -2.981   3  -1    0 1440
101   3.857   5.884   3  -1    0 1440
102   6.458   3.721   3  -1    0 1440
103  -4.262  -0.988   3  -1    0 1440
104   5.668   8.039   3  -1    0 1440
105  -8.920   4.840   3  -1    0 1440
106  -3.614  -3.775   3  -1    0 1440
107  -1.770   0.532   3  -1    0 1440
108  -6.283   8.477   3  -1    0 1440
109   2.332   8.650   3  -1    0 1440
110   0.163  -9.881   3  -1    0 1440
111  -1.773  -7.321   3  -1    0 1440
112  -5.736  -9.850   3  -1    0 1440
113   4.597   0.119   3  -1    0 1440
114   2.475  -6.595   3  -1    0 1440
115  -7.489  -0.541   3  -1    0 1440
116  -6.473  -8.358   3  -1    0 1440
117   7.771  -1.191   3  -1    0 1440
118  -8.510  -5.607   3  -1    0 1440
119  -2.750   3.921   3  -1    0 1440
120   6.753   0.213   3  -1    0 1440
121   0.000   0.000   0   0    0  600
