6 72 720 3 30
  0   0.000   0.000   0   0    0  720
  1   0.426  -6.097   3   1    0 1440
  2   9.553  -3.843   3   1    0 1440
  3   4.021   2.550   3   1    0 1440
  4   1.600   9.989   3   1    0 1440
  5  -2.657   5.529   3   1    0 1440
  6  -4.923  -0.412   3   1    0 1440
  7   6.718  -7.937   3   1    0 1440
  8  -5.588   1.074   3   1    0 1440
  9  -5.608   3.608   3   1    0 1440
 10   8.681  -5.104   3   1    0 1440
 11  -7.069  -4.292   3   1    0 1440
 12  -7.072  -7.084   3   1    0 1440
 13   3.488  -8.865   3   1    0 1440
 14  -3.432   0.027   3   1    0 1440
 15  -4.950   5.120   3   1    0 1440
 16   0.920  -2.481   3   1    0 1440
 17   1.896  -7.978   3   1    0 1440
 18  -1.095  -9.255   3   1    0 1440
 19   7.869  -7.717   3   1    0 1440
 20   2.137  -9.177   3   1    0 1440
 21   1.354  -4.753   3   1    0 1440
 22  -5.777  -6.789   3   1    0 1440
 23   9.220   1.958   3   1    0 1440
 24  -0.834  -8.223   3   1    0 1440
 25   4.826  -2.721   3   1    0 1440
 26  -1.861   2.356   3   1    0 1440
 27   5.570   8.625   3   1    0 1440
 28  -5.502  -5.817   3   1    0 1440
 29   7.394  -9.580   3   1    0 1440
 30  -8.336   8.319   3   1    0 1440
 31  -9.712   6.210   3   1    0 1440
 32  -7.005  -5.377   3   1    0 1440
 33   6.034  -5.017   3   1    0 1440
 34   1.772   6.777   3   1    0 1440
 35   3.559   3.795   3   1    0 1440
 36  -8.034  -8.781   3   1    0 1440
 37  -0.352   7.350   3   1  268  283
 38   2.726  -6.153   3   1  138  153
 39  -1.485   5.125   3   1  265  280
 40  -3.138  -2.801   3   1   40   55
 41   4.065   4.574   3   1  368  383
 42   7.275  -3.181   3   1  333  348
 43  -4.098   0.686   3   1  461  476
 44   8.827  -7.147   3   1  439  454
 45  -2.943  -3.289   3   1  154  169
 46   4.754  -0.043   3   1  418  433
 47   1.182  -0.120   3   1  127  142
 48  -8.944   3.706   3   1   50   65
 49  -6.182  -0.335   3   1  561  576
 50  -6.335   3.009   3   1  528  543
 51  -3.663  -2.807   3   1  519  534
 52   1.879  -5.200   3   1  321  336
 53   7.482  -4.227   3   1  619  634
 54  -0.348  -8.196   3   1  537  552
 55  -6.672   0.071   3   1   55   70
 56  -2.899   5.009   3   1  104  119
 57   1.012   6.750   3   1  643  658
 58   2.506  -2.703   3   1  393  408
 59   7.052  -5.063   3   1   70   85
 60  -6.289   0.569   3   1  522  537
 61  -3.137  -6.990   3   1   60   75
 62  -5.311   8.495   3   1  136  151
 63  -8.329   0.592   3   1  294  309
 64   0.087   8.999   3   1  271  286
 65   0.919  -6.978   3   1  569  584
 66  -4.827  -0.261   3   1  167  182
 67  -4.426   3.925   3   1  644  659
 68   5.761  -6.425   3   1  428  443
 69  -2.280  -6.319   3   1  473  488
 70   2.597  -4.723   3   1  190  205
 71   3.511  -9.781   3   1  606  621
 72   7.480   7.939   3   1  575  590
 73   1.492  -8.579   3  -1  122  137
 74  -4.359   4.850   3  -1  484  499
 75   8.585   1.210   3  -1  212  227
 76  -0.903   5.835   3  -1  640  655
 77  -8.669  -9.130   3  -1  613  628
 78   6.033   3.586   3  -1  393  408
 79  -5.988  -9.380   3  -1  224  239
 80  -9.827   0.568   3  -1  540  555
 81  -5.411   6.942   3  -1  566  581
 82  -1.457   8.670   3  -1  189  204
 83  -3.987   8.460   3  -1  272  287
 84  -6.463   2.516   3  -1  610  625
 85  -0.766   5.551   3  -1  370  385
 86   9.963   7.641   3  -1  392  407
 87  -7.966   8.658   3  -1  671  686
 88   7.339   5.816   3  -1  573  588
 89   8.748   7.605   3  -1  612  627
 90  -9.467   1.822   3  -1  475  490
 91  -4.691   9.004   3  -1   73   88
 92  -4.428  -7.836   3  -1  151  166
 93  -2.786  -3.526   3  -1  238  253
 94   7.394   1.742   3  -1  480  495
 95  -6.361  -8.758   3  -1   86  101
 96   0.148  -0.088   3  -1  109  124
 97  -2.219   7.109   3  -1  268  283
 98  -0.753  -1.038   3  -1  421  436
 99  -9.685  -9.184   3  -1  269  284
100  -4.960  -2.291   3  -1  598  613
101  -3.071  -0.648   3  -1  314  329
102   8.518  -6.559   3  -1  323  338
103   8.267  -2.433   3  -1  552  567
104   5.706   5.351   3  -1  199  214
105   0.921   4.659   3  -1  432  447
106   9.157   5.955   3  -1  271  286
107   3.349   3.979   3  -1  134  149
108   5.643  -9.715   3  -1  674  689
109  -9.426  -4.142   3  -1    0 1440
110  -1.147   7.349   3  -1    0 1440
111   3.383   3.498   3  -1    0 1440
112  -4.730  -6.361   3  -1    0 1440
113   7.197  -2.140   3  -1    0 1440
114  -0.173   8.493   3  -1    0 1440
115  -1.859  -6.748   3  -1    0 1440
116   5.979  -7.326   3  -1    0 1440
117   1.189  -7.818   3  -1    0 1440
118  -0.956  -8.047   3  -1    0 1440
119   6.018  -4.244   3  -1    0 1440
120  -6.969  -2.125   3  -1    0 1440
121   3.777   4.503   3  -1    0 1440
122   3.330  -3.482   3  -1    0 1440
123   3.574   3.048   3  -1    0 1440
124  -2.198  -8.164   3  -1    0 1440
125   3.017  -2.638   3  -1    0 1440
126  -1.581  -6.642   3  -1    0 1440
127  -2.825   2.994   3  -1    0 1440
128   6.659  -9.890   3  -1    0 1440
129  -3.553   8.205   3  -1    0 1440
130   0.084   7.306   3  -1    0 1440
131   4.788  -7.175   3  -1    0 1440
132   2.477  -4.485   3  -1    0 1440
133  -1.157   6.934   3  -1    0 1440
134  -5.965   9.698   3  -1    0 1440
135   0.710   8.421   3  -1    0 1440
136   0.928   7.384   3  -1    0 1440
137   4.436   5.857   3  -1    0 1440
138   9.567   5.742   3  -1    0 1440
139  -7.395  -1.416   3  -1    0 1440
140   3.273   4.256   3  -1    0 1440
141   5.928   8.312   3  -1    0 1440
142  -1.601   1.596   3  -1    0 1440
143  -7.485   6.533   3  -1    0 1440
144  -8.294  -2.781   3  -1    0 1440
145   0.000   0.000   0   0    0  720
