7 56 480 3 30
  0   0.000   0.000   0   0    0  480
  1   8.163  -9.704   3   1    0 1440
  2   1.764  -0.016   3   1    0 1440
  3  -0.468  -9.267   3   1    0 1440
  4   5.465  -6.474   3   1    0 1440
  5  -3.826   8.202   3   1    0 1440
  6   1.232   0.667   3   1    0 1440
  7   7.544  -5.597   3   1    0 1440
  8   8.553   7.738   3   1    0 1440
  9  -0.066   9.728   3   1    0 1440
 10  -8.851  -8.894   3   1    0 1440
 11   4.584   9.539   3   1    0 1440
 12  -6.342  -9.223   3   1    0 1440
 13   6.246   3.097   3   1    0 1440
 14  -6.886   9.312   3   1    0 1440
 15  -5.152  -4.192   3   1    0 1440
 16  -0.017  -2.413   3   1    0 1440
 17  -3.404  -8.751   3   1    0 1440
 18  -8.216  -7.525   3   1    0 1440
 19  -8.050   5.987   3   1    0 1440
 20  -4.305   8.657   3   1    0 1440
 21  -3.604  -0.200   3   1    0 1440
 22   1.254  -9.845   3   1    0 1440
 23   0.555   8.948   3   1    0 1440
 24   7.406  -8.636   3   1    0 1440
 25  -4.518   4.956   3   1    0 1440
 26   4.411   5.039   3   1    0 1440
 27   4.052  -7.975   3   1    0 1440
 28   6.456   3.855   3   1    0 1440
 29  -2.870   9.383   3   1  398  413
 30   0.954   2.559   3   1   70   85
 31  -1.292  -4.804   3   1  404  419
 32  -7.926  -3.568   3   1  233  248
 33   8.603   0.606   3   1  315  330
 34  -7.726   0.123   3   1  287  302
 35  -5.931  -9.139   3   1  196  211
 36   9.831   2.822   3   1  141  156
 37   6.187  -5.477   3   1  100  115
 38  -6.208  -7.163   3   1   11   26
 39   3.980   1.734   3   1  198  213
 40  -3.249  -3.462   3   1   62   77
 41  -9.767  -3.754   3   1   92  107
 42   5.584   8.800   3   1  279  294
 43  -4.476   4.414   3   1  125  140
 44   9.176  -0.568   3   1   85  100
 45   0.002   2.889   3   1   12   27
 46  -7.657  -2.562   3   1  112  127
 47   0.426  -3.696   3   1  214  229
 48   0.699   1.132   3   1   13   28
 49  -5.553  -4.746   3   1  106  121
 50   1.230   8.908   3   1    1   16
 51  -7.029   6.044   3   1  260  275
 52   6.623  -9.112   3   1  148  163
 53  -3.751   6.198   3   1  234  249
 54  -3.595  -6.584   3   1  267  282
 55  -5.922  -2.227   3   1   17   32
 56   2.842   8.882   3   1   25   40
 57  -1.066   6.397   3  -1  342  357
 58  -2.280   5.932   3  -1  301  316
 59   4.192  -3.895   3  -1   74   89
 60   6.932   2.876   3  -1  328  343
 61  -9.470  -0.314   3  -1  131  146
 62  -9.758   5.458   3  -1  369  384
 63   3.621   7.840   3  -1  255  270
 64  -0.396  -1.463   3  -1  161  176
 65   8.069   0.668   3  -1  132  147
 66  -3.867  -5.325   3  -1  444  459
 67   0.849   2.785   3  -1   56   71
 68  -5.983   4.325   3  -1  453  468
 69   1.869  -9.351   3  -1  248  263
 70   9.202  -9.148   3  -1  207  222
 71   0.786  -5.424   3  -1   75   90
 72  -4.275   1.089   3  -1  263  278
 73  -4.328  -3.865   3  -1  432  447
 74  -0.207  -7.439   3  -1  131  146
 75   8.806   5.047   3  -1  453  468
 76   8.161  -4.993   3  -1  444  459
 77  -0.145   2.204   3  -1  348  363
 78  -7.813   8.841   3  -1  323  338
 79  -4.564   1.804   3  -1  287  302
 80   3.589   9.881   3  -1  384  399
 81  -8.169  -8.531   3  -1  399  414
 82  -2.836   3.068   3  -1  300  315
 83   9.464  -6.148   3  -1  290  305
 84   5.106   6.611   3  -1  337  352
 85  -2.834  -3.921   3  -1    0 1440
 86  -6.515   2.318   3  -1    0 1440
 87   7.800  -6.336   3  -1    0 1440
 88   8.075   7.113   3  -1    0 1440
 89   1.165  -9.372   3  -1    0 1440
 90   7.084   6.128   3  -1    0 1440
 91  -6.741  -6.548   3  -1    0 1440
 92   4.406   2.390   3  -1    0 1440
 93  -8.901  -8.617   3  -1    0 1440
 94  -6.543   0.224   3  -1    0 1440
 95  -1.174  -5.414   3  -1    0 1440
 96  -3.141   6.874   3  -1    0 1440
 97  -9.057  -8.907   3  -1    0 1440
 98  -9.075  -1.595   3  -1    0 1440
 99  -5.408   0.047   3  -1    0 1440
100   3.839  -7.986   3  -1    0 1440
101   5.993  -8.264   3  -1    0 1440
102  -1.513  -1.119   3  -1    0 1440
103  -0.886   6.673   3  -1    0 1440
104   2.256  -0.501   3  -1    0 1440
105   5.023   8.861   3  -1    0 1440
106   8.037  -9.338   3  -1    0 1440
107   0.664   5.860   3  -1    0 1440
108   8.203  -5.938   3  -1    0 1440
109   4.488   2.552   3  -1    0 1440
110  -6.749   7.537   3  -1    0 1440
111  -8.016  -0.668   3  -1    0 1440
112  -9.438   1.750   3  -1    0 1440
113   0.000   0.000   0   0    0  480
