7 70 600 3 30
  0   0.000   0.000   0   0    0  600
  1  -9.892   3.289   3   1    0 1440
  2  -3.047  -9.588   3   1    0 1440
  3  -7.103   7.376   3   1    0 1440
  4  -8.023  -6.406   3   1    0 1440
  5  -8.964  -2.503   3   1    0 1440
  6   4.611  -2.350   3   1    0 1440
  7   7.594   2.068   3   1    0 1440
  8   3.886  -6.516   3   1    0 1440
  9  -5.366   7.156   3   1    0 1440
 10   5.906  -0.019   3   1    0 1440
 11  -1.241   7.181   3   1    0 1440
 12   9.795  -1.364   3   1    0 1440
 13  -8.757  -4.182   3   1    0 1440
 14   8.697   3.758   3   1    0 1440
 15   1.522   8.689   3   1    0 1440
 16   9.771   2.810   3   1    0 1440
 17  -4.338  -5.381   3   1    0 1440
 18   1.329  -4.367   3   1    0 1440
 19   3.921   5.122   3   1    0 1440
 20   1.044  -8.285   3   1    0 1440
 21  -6.790  -2.567   3   1    0 1440
 22   6.256  -0.415   3   1    0 1440
 23   3.668  -0.067   3   1    0 1440
 24  -5.301  -9.790   3   1    0 1440
 25   0.293   0.787   3   1    0 1440
 26  -4.695  -7.570   3   1    0 1440
 27  -6.952   7.583   3   1    0 1440
 28  -7.416   3.798   3   1    0 1440
 29  -4.780   0.533   3   1    0 1440
 30  -1.895   3.742   3   1    0 1440
 31  -6.678   4.438   3   1    0 1440
 32   8.431  -9.520   3   1    0 1440
 33  -8.260   6.665   3   1    0 1440
 34  -1.207  -8.871   3   1    0 1440
 35   6.933   9.914   3   1    0 1440
 36  -5.960  -7.183   3   1  104  119
 37   3.002  -7.508   3   1  410  425
 38  -3.486   4.629   3   1  181  196
 39  -8.936   0.643   3   1  217  232
 40  -4.966  -0.036   3   1  246  261
 41  -5.959   6.927   3   1  285  300
 42   9.892  -3.867   3   1  155  170
 43   0.018  -3.120   3   1   85  100
 44  -7.906  -0.978   3   1  162  177
 45   5.755   4.754   3   1  418  433
 46  -7.189  -7.960   3   1  475  490
 47   1.155  -9.308   3   1   20   35
 48   1.254  -1.234   3   1  288  303
 49   4.542  -3.606   3   1  537  552
 50  -0.455   8.940   3   1    6   21
 51  -5.040   8.026   3   1   19   34
 52   3.543   2.153   3   1  413  428
 53  -0.251   2.116   3   1  400  415
 54   2.887  -7.206   3   1  515  530
 55   3.476  -3.513   3   1  475  490
 56  -3.597  -8.868   3   1  215  230
 57  -8.629  -7.696   3   1  270  285
 58  -6.975   2.540   3   1  230  245
 59  -2.160   5.262   3   1  414  429
 60   0.082   7.063   3   1  391  406
 61   6.145   0.690   3   1  167  182
 62  -1.694   5.637   3   1  388  403
 63  -6.381  -5.319   3   1  275  290
 64   4.697  -6.855   3   1  111  126
 65   1.669  -0.946   3   1  405  420
 66  -5.578  -2.125   3   1  266  281
 67  -7.630   6.240   3   1    7   22
 68  -7.538  -0.703   3   1  291  306
 69  -6.325  -8.388   3   1  206  221
 70   1.817   6.591   3   1  277  292
 71   9.461   5.349   3  -1   94  109
 72   0.605   9.929   3  -1   76   91
 73   9.391  -6.113   3  -1  551  566
 74  -1.101  -1.135   3  -1  551  566
 75  -5.671  -3.827   3  -1  115  130
 76  -8.074   7.422   3  -1  385  400
 77   7.530   0.883   3  -1  392  407
 78   7.836   4.298   3  -1  524  539
 79   7.195  -7.991   3  -1   74   89
 80  -6.014   9.500   3  -1  392  407
 81  -9.464   6.256   3  -1  226  241
 82   0.866  -2.555   3  -1  268  283
 83  -4.961   3.311   3  -1  474  489
 84  -2.803  -7.819   3  -1   85  100
 85  -3.185  -1.322   3  -1  283  298
 86  -5.416  -0.248   3  -1  155  170
 87   8.511  -7.157   3  -1  443  458
 88  -7.362   9.964   3  -1  317  332
 89  -8.793   9.740   3  -1  436  451
 90   8.437  -5.199   3  -1   61   76
 91   6.323  -8.101   3  -1  180  195
 92  -8.330  -0.933   3  -1  353  368
 93   4.729   8.288   3  -1  519  534
 94  -0.384   0.332   3  -1  303  318
 95  -5.746  -4.585   3  -1  152  167
 96   6.458  -2.980   3  -1   79   94
 97   0.230   0.481   3  -1  372  387
 98  -3.262   2.169   3  -1  471  486
 99  -4.162   5.153   3  -1  156  171
100   9.852  -1.686   3  -1  319  334
101   8.607   4.110   3  -1  153  168
102   9.415  -9.138   3  -1  218  233
103  -6.090   9.323   3  -1  433  448
104  -8.093  -7.408   3  -1  425  440
105  -2.188  -2.534   3  -1  125  140
106   5.571   7.782   3  -1    0 1440
107  -8.896  -2.560   3  -1    0 1440
108  -4.129  -3.005   3  -1    0 1440
109  -1.266   7.730   3  -1    0 1440
110  -3.477  -3.837   3  -1    0 1440
111  -6.904  -6.045   3  -1    0 1440
112  -2.006  -7.291   3  -1    0 1440
113   5.711   2.510   3  -1    0 1440
114   9.025   6.723   3  -1    0 1440
115   7.788  -3.602   3  -1    0 1440
116   1.433   2.775   3  -1    0 1440
117   6.816  -1.918   3  -1    0 1440
118  -2.026   7.387   3  -1    0 1440
119  -2.595  -8.578   3  -1    0 1440
120  -6.484   8.567   3  -1    0 1440
121   4.322   9.713   3  -1    0 1440
122  -7.476   5.583   3  -1    0 1440
123  -3.262   0.441   3  -1    0 1440
124  -8.305  -8.347   3  -1    0 1440
125   6.194   9.870   3  -1    0 1440
126  -0.585  -4.657   3  -1    0 1440
127   0.303   9.397   3  -1    0 1440
128   2.940   5.178   3  -1    0 1440
129  -5.073   9.956   3  -1    0 1440
130   2.843   2.875   3  -1    0 1440
131  -3.648  -7.368   3  -1    0 1440
132  -0.965  -0.562   3  -1    0 1440
133   0.808  -4.076   3  -1    0 1440
134  -1.051  -2.763   3  -1    0 1440
135   5.076  -3.069   3  -1    0 1440
136   7.013  -8.515   3  -1    0 1440
137   7.630   3.060   3  -1    0 1440
138  -8.634   8.099   3  -1    0 1440
139  -8.282  -1.644   3  -1    0 1440
140  -6.948   4.962   3  -1    0 1440
141   0.000   0.000   0   0    0  600
