7 168 720 3 30
  0	0.000	0.000	0	0	 0 1440
  1	-6.580	4.281	3	1	 0 1440
  2	-4.794	-1.608	3	1	 0 1440
  3	-3.351	-2.202	3	1	 0 1440
  4	-4.292	9.185	3	1	 0 1440
  5	9.852	-1.436	3	1	 0 1440
  6	-3.739	-4.361	3	1	 0 1440
  7	3.746	2.637	3	1	 0 1440
  8	-1.959	-3.955	3	1	 0 1440
  9	-9.019	-0.672	3	1	 0 1440
 10	-5.386	-0.864	3	1	 0 1440
 11	-7.401	-3.624	3	1	 0 1440
 12	-9.348	-6.193	3	1	 0 1440
 13	1.775	-0.478	3	1	 0 1440
 14	0.621	-8.702	3	1	 0 1440
 15	-3.429	1.968	3	1	 0 1440
 16	9.607	-9.087	3	1	 0 1440
 17	1.419	-2.036	3	1	 0 1440
 18	6.095	9.931	3	1	 0 1440
 19	-8.306	-5.225	3	1	 0 1440
 20	2.840	-1.459	3	1	 0 1440
 21	7.426	6.149	3	1	 0 1440
 22	-7.425	7.121	3	1	 0 1440
 23	-8.567	-0.912	3	1	 0 1440
 24	1.595	1.148	3	1	 0 1440
 25	5.886	7.070	3	1	 0 1440
 26	3.158	-3.726	3	1	 0 1440
 27	-5.224	-1.652	3	1	 0 1440
 28	-5.044	7.522	3	1	 0 1440
 29	5.267	-8.105	3	1	 0 1440
 30	4.596	8.397	3	1	 0 1440
 31	-6.209	-9.304	3	1	 0 1440
 32	-4.867	5.792	3	1	 0 1440
 33	-6.569	4.844	3	1	 0 1440
 34	-6.636	-9.391	3	1	 0 1440
 35	-2.402	-7.680	3	1	 0 1440
 36	5.225	6.460	3	1	 0 1440
 37	-6.064	1.462	3	1	 0 1440
 38	3.753	2.294	3	1	 0 1440
 39	-1.988	7.354	3	1	 0 1440
 40	4.462	-8.511	3	1	 0 1440
 41	-9.701	-6.739	3	1	 0 1440
 42	-6.230	6.250	3	1	 0 1440
 43	-3.917	-1.120	3	1  290  305
 44	-2.845	8.562	3	1	27	42
 45	9.733	3.819	3	1  340  355
 46	8.573	6.538	3	1  218  233
 47	-6.356	-0.712	3	1	98  113
 48	-8.551	-9.177	3	1  359  374
 49	2.290	5.070	3	1	43	58
 50	-6.133	2.626	3	1  256  271
 51	3.469	5.234	3	1  635  650
 52	-4.449	0.796	3	1  195  210
 53	7.415	-3.715	3	1  417  432
 54	-0.736	-6.687	3	1  193  208
 55	4.217	-0.367	3	1  117  132
 56	0.961	1.873	3	1  514  529
 57	9.647	7.744	3	1  143  158
 58	6.992	0.207	3	1	83	98
 59	6.131	-1.747	3	1  392  407
 60	-9.109	-9.942	3	1	58	73
 61	-4.091	-5.854	3	1  254  269
 62	-2.306	-9.138	3	1  332  347
 63	6.445	-2.853	3	1  465  480
 64	1.492	4.526	3	1  625  640
 65	7.046	-5.828	3	1	 8	23
 66	6.079	1.926	3	1  343  358
 67	3.694	-1.184	3	1  580  595
 68	6.525	-5.908	3	1  168  183
 69	4.182	-5.686	3	1  264  279
 70	8.408	9.202	3	1  479  494
 71	8.171	2.351	3	1  504  519
 72	2.596	-8.531	3	1  480  495
 73	1.864	6.605	3	1  529  544
 74	4.194	-8.411	3	1  481  496
 75	-3.311	-1.575	3	1  455  470
 76	6.446	-3.381	3	1	77	92
 77	-8.860	2.324	3	1  533  548
 78	-2.397	4.585	3	1  350  365
 79	-0.856	-1.175	3	1	53	68
 80	-5.119	8.821	3	1  601  616
 81	3.414	0.697	3	1  137  152
 82	-5.505	3.572	3	1  459  474
 83	5.917	-2.248	3	1  189  204
 84	-6.085	1.832	3	1  162  177
 85	-5.331	3.340	3	-1  553  568
 86	-5.053	2.039	3	-1  537  552
 87	-5.945	-5.443	3	-1  549  564
 88	-8.503	6.019	3	-1  489  504
 89	5.870	-5.520	3	-1  516  531
 90	5.676	-5.661	3	-1  307  322
 91	-2.241	-1.973	3	-1	81	96
 92	3.234	6.433	3	-1  219  234
 93	-6.918	-1.221	3	-1  297  312
 94	4.487	-6.201	3	-1  391  406
 95	-6.349	1.164	3	-1  313  328
 96	7.424	-3.709	3	-1  103  118
 97	-9.963	-5.588	3	-1  311  326
 98	2.453	6.666	3	-1  338  353
 99	7.647	5.899	3	-1  257  272
100	-9.487	-1.256	3	-1  187  202
101	1.343	7.794	3	-1  127  142
102	8.447	9.902	3	-1  201  216
103	1.677	1.216	3	-1  575  590
104	-8.163	4.138	3	-1  655  670
105	-9.291	-0.605	3	-1  593  608
106	-0.998	-6.512	3	-1  630  645
107	4.907	-0.603	3	-1  464  479
108	-4.508	1.526	3	-1  222  237
109	3.220	-9.339	3	-1  191  206
110	3.501	-8.301	3	-1  297  312
111	9.126	-9.074	3	-1  326  341
112	-6.499	-7.924	3	-1  275  290
113	-6.491	-5.644	3	-1  470  485
114	5.950	-4.256	3	-1  291  306
115	-8.370	-9.139	3	-1  120  135
116	4.019	1.406	3	-1  563  578
117	6.183	1.779	3	-1  609  624
118	6.734	-9.114	3	-1  665  680
119	6.154	-0.507	3	-1	61	76
120	-5.911	3.623	3	-1  369  384
121	7.414	-5.368	3	-1  648  663
122	-0.235	-0.455	3	-1	83	98
123	2.976	-7.144	3	-1  201  216
124	-3.779	5.071	3	-1  279  294
125	-7.331	-7.381	3	-1  446  461
126	7.844	-9.771	3	-1  423  438
127	-5.835	7.545	3	-1	 0 1440
128	1.298	9.448	3	-1	 0 1440
129	-2.539	7.086	3	-1	 0 1440
130	1.548	-9.938	3	-1	 0 1440
131	-9.639	-3.095	3	-1	 0 1440
132	0.675	7.699	3	-1	 0 1440
133	-6.218	-8.830	3	-1	 0 1440
134	-1.675	-7.571	3	-1	 0 1440
135	-7.838	-2.711	3	-1	 0 1440
136	-4.138	-7.911	3	-1	 0 1440
137	-4.267	-3.297	3	-1	 0 1440
138	-1.848	0.088	3	-1	 0 1440
139	-7.622	-0.713	3	-1	 0 1440
140	3.154	-6.413	3	-1	 0 1440
141	7.057	4.881	3	-1	 0 1440
142	-9.568	-2.212	3	-1	 0 1440
143	-4.797	-7.584	3	-1	 0 1440
144	1.680	-5.796	3	-1	 0 1440
145	8.422	5.542	3	-1	 0 1440
146	-3.497	9.567	3	-1	 0 1440
147	9.214	4.189	3	-1	 0 1440
148	1.181	-8.301	3	-1	 0 1440
149	7.830	-4.701	3	-1	 0 1440
150	-3.810	6.137	3	-1	 0 1440
151	-7.954	7.839	3	-1	 0 1440
152	-4.467	7.387	3	-1	 0 1440
153	3.832	-8.671	3	-1	 0 1440
154	2.822	2.934	3	-1	 0 1440
155	-0.020	-7.656	3	-1	 0 1440
156	8.422	-5.478	3	-1	 0 1440
157	8.216	-9.320	3	-1	 0 1440
158	7.205	8.286	3	-1	 0 1440
159	2.468	1.003	3	-1	 0 1440
160	-0.589	5.648	3	-1	 0 1440
161	3.819	3.491	3	-1	 0 1440
162	-3.913	-0.928	3	-1	 0 1440
163	-9.064	-4.250	3	-1	 0 1440
164	9.943	-3.530	3	-1	 0 1440
165	3.159	-8.161	3	-1	 0 1440
166	8.285	1.114	3	-1	 0 1440
167	2.254	-1.759	3	-1	 0 1440
168	5.844	8.500	3	-1	 0 1440
169	0.000	0.000	0	0	 0  720
