8 64 480 3 30
  0   0.000   0.000   0   0    0  480
  1  -1.484   5.938   3   1    0 1440
  2  -2.224  -4.563   3   1    0 1440
  3   2.372   8.746   3   1    0 1440
  4  -8.311  -2.133   3   1    0 1440
  5   3.404   0.426   3   1    0 1440
  6  -5.923  -6.572   3   1    0 1440
  7   3.927   8.985   3   1    0 1440
  8  -5.172   5.830   3   1    0 1440
  9   1.701  -5.649   3   1    0 1440
 10  -5.291  -1.134   3   1    0 1440
 11   9.558  -6.903   3   1    0 1440
 12   5.543   4.983   3   1    0 1440
 13  -8.564  -7.106   3   1    0 1440
 14   7.058  -9.596   3   1    0 1440
 15  -6.535   8.152   3   1    0 1440
 16  -3.530  -2.829   3   1    0 1440
 17  -8.477   1.084   3   1    0 1440
 18   4.367   8.939   3   1    0 1440
 19   3.158   2.030   3   1    0 1440
 20   4.793   6.455   3   1    0 1440
 21   1.970   0.587   3   1    0 1440
 22  -4.378   9.003   3   1    0 1440
 23  -5.895  -3.180   3   1    0 1440
 24   1.698   9.098   3   1    0 1440
 25   8.231  -0.309   3   1    0 1440
 26  -9.103   2.957   3   1    0 1440
 27   8.955   8.913   3   1    0 1440
 28  -4.610   6.035   3   1    0 1440
 29  -2.038  -7.727   3   1    0 1440
 30  -8.792   3.243   3   1    0 1440
 31   2.148  -9.088   3   1    0 1440
 32  -9.242   3.853   3   1    0 1440
 33   4.104  -0.591   3   1   46   61
 34  -1.147   7.375   3   1   58   73
 35  -4.667   1.299   3   1  160  175
 36   4.987   4.112   3   1  191  206
 37   1.229  -2.344   3   1   46   61
 38   6.455  -5.049   3   1  138  153
 39  -4.962   9.284   3   1  366  381
 40  -8.505   5.836   3   1  171  186
 41   8.637  -8.962   3   1  247  262
 42  -1.330  -9.379   3   1  276  291
 43  -0.259   3.529   3   1  129  144
 44   5.744   9.050   3   1   87  102
 45  -4.336  -1.429   3   1    3   18
 46  -4.001  -6.518   3   1  111  126
 47   1.670  -0.485   3   1  218  233
 48  -8.676   5.330   3   1   87  102
 49  -1.519   8.170   3   1  190  205
 50  -5.679  -7.066   3   1  387  402
 51  -2.907  -5.818   3   1  293  308
 52  -5.637  -9.576   3   1   73   88
 53  -4.263  -6.030   3   1  256  271
 54   4.378   3.601   3   1  388  403
 55   7.760   0.206   3   1    4   19
 56   9.288   7.953   3   1   76   91
 57   6.401   2.656   3   1  104  119
 58  -3.362  -3.360   3   1  268  283
 59   0.139   2.307   3   1  169  184
 60  -5.470  -5.373   3   1  382  397
 61  -6.852   6.383   3   1  248  263
 62   6.582   2.072   3   1  312  327
 63   5.694  -5.822   3   1  241  256
 64  -0.845   6.467   3   1   43   58
 65   2.532  -4.509   3  -1  167  182
 66  -8.335  -4.580   3  -1  378  393
 67  -8.710  -4.319   3  -1   52   67
 68  -9.452  -7.783   3  -1  269  284
 69  -1.255   7.302   3  -1  306  321
 70   1.700  -9.842   3  -1  180  195
 71  -1.326  -0.135   3  -1  342  357
 72   7.641   0.266   3  -1  109  124
 73  -7.363   0.447   3  -1  219  234
 74   2.135   2.577   3  -1  346  361
 75  -4.019  -0.016   3  -1  113  128
 76   4.061   8.971   3  -1  343  358
 77   2.897  -9.579   3  -1  103  118
 78  -4.751   2.888   3  -1  370  385
 79  -5.411  -2.184   3  -1  360  375
 80   2.525   5.335   3  -1  152  167
 81   4.894  -5.380   3  -1  147  162
 82  -9.837  -0.650   3  -1  446  461
 83   0.786   6.052   3  -1  280  295
 84   3.110   5.197   3  -1  170  185
 85   8.662   0.122   3  -1  181  196
 86   6.591   2.793   3  -1  295  310
 87   4.316   5.189   3  -1  442  457
 88  -0.445   0.637   3  -1  442  457
 89  -6.205   0.261   3  -1  461  476
 90  -4.946   7.352   3  -1   50   65
 91  -0.678  -0.458   3  -1  453  468
 92   5.164  -5.607   3  -1  212  227
 93  -1.501   4.782   3  -1  122  137
 94  -3.520  -9.694   3  -1  404  419
 95   8.537  -8.161   3  -1  229  244
 96  -7.265   3.715   3  -1   46   61
 97   2.670   3.017   3  -1    0 1440
 98   8.407  -5.112   3  -1    0 1440
 99   2.850  -2.395   3  -1    0 1440
100  -1.187  -1.771   3  -1    0 1440
101  -9.623   2.141   3  -1    0 1440
102   2.899   0.308   3  -1    0 1440
103  -5.588   4.448   3  -1    0 1440
104  -6.699   8.870   3  -1    0 1440
105  -5.797  -0.064   3  -1    0 1440
106  -5.078  -7.218   3  -1    0 1440
107   4.010   7.397   3  -1    0 1440
108   3.851  -9.305   3  -1    0 1440
109  -4.267  -5.053   3  -1    0 1440
110  -3.558  -8.165   3  -1    0 1440
111  -9.528   2.708   3  -1    0 1440
112  -8.622  -8.055   3  -1    0 1440
113   1.685  -7.990   3  -1    0 1440
114   7.754  -6.629   3  -1    0 1440
115  -0.965   5.663   3  -1    0 1440
116  -8.337  -2.155   3  -1    0 1440
117   9.515   5.252   3  -1    0 1440
118   6.576  -0.292   3  -1    0 1440
119   8.189   5.930   3  -1    0 1440
120  -9.749  -7.778   3  -1    0 1440
121  -0.686  -9.416   3  -1    0 1440
122  -5.053  -2.938   3  -1    0 1440
123   2.799   4.109   3  -1    0 1440
124  -1.513   8.131   3  -1    0 1440
125   5.891   3.354   3  -1    0 1440
126   2.642   4.535   3  -1    0 1440
127   0.936  -1.650   3  -1    0 1440
128   4.988   5.796   3  -1    0 1440
129   0.000   0.000   0   0    0  480
