8 80 600 3 30
  0   0.000   0.000   0   0    0  600
  1   4.426  -1.522   3   1    0 1440
  2   0.665  -3.849   3   1    0 1440
  3   4.530  -5.153   3   1    0 1440
  4   1.749   1.112   3   1    0 1440
  5   0.565   8.840   3   1    0 1440
  6  -1.212  -0.102   3   1    0 1440
  7   1.246  -6.941   3   1    0 1440
  8  -7.005   6.744   3   1    0 1440
  9  -7.243   9.011   3   1    0 1440
 10  -2.803   5.601   3   1    0 1440
 11   4.922   9.080   3   1    0 1440
 12  -3.757   6.772   3   1    0 1440
 13   8.221  -9.095   3   1    0 1440
 14  -0.511   7.501   3   1    0 1440
 15   6.506   7.096   3   1    0 1440
 16  -1.263   5.945   3   1    0 1440
 17   3.598  -0.106   3   1    0 1440
 18   4.900   5.572   3   1    0 1440
 19   0.086  -7.551   3   1    0 1440
 20  -0.440   5.448   3   1    0 1440
 21  -1.132   5.703   3   1    0 1440
 22   2.296  -8.202   3   1    0 1440
 23  -7.181   8.298   3   1    0 1440
 24   1.319   3.438   3   1    0 1440
 25  -1.500  -0.821   3   1    0 1440
 26  -9.649  -1.550   3   1    0 1440
 27   5.163   1.138   3   1    0 1440
 28   0.222  -4.668   3   1    0 1440
 29  -5.630   3.243   3   1    0 1440
 30  -2.240   5.165   3   1    0 1440
 31   4.451   7.855   3   1    0 1440
 32  -4.175  -8.844   3   1    0 1440
 33  -1.274  -5.553   3   1    0 1440
 34   5.078  -6.535   3   1    0 1440
 35   4.868   6.943   3   1    0 1440
 36  -5.505  -8.566   3   1    0 1440
 37  -7.688  -3.233   3   1    0 1440
 38  -2.586  -8.278   3   1    0 1440
 39  -8.498  -0.297   3   1    0 1440
 40   0.006  -2.756   3   1    0 1440
 41  -0.652  -3.784   3   1  444  459
 42   3.663   2.320   3   1  282  297
 43  -0.612  -5.442   3   1  474  489
 44  -7.702  -6.434   3   1  327  342
 45  -6.168  -0.566   3   1  309  324
 46  -3.408   2.498   3   1  459  474
 47   3.934  -4.650   3   1  255  270
 48  -8.201  -9.740   3   1  240  255
 49   0.706  -3.684   3   1  530  545
 50  -6.109  -6.769   3   1   42   57
 51   5.370  -2.895   3   1  130  145
 52   8.576  -1.636   3   1  141  156
 53  -4.624  -1.586   3   1  139  154
 54   7.889   8.969   3   1  179  194
 55  -2.122   0.151   3   1  111  126
 56  -0.186  -8.318   3   1  149  164
 57  -6.735   6.830   3   1  356  371
 58  -8.347  -5.387   3   1    0   15
 59  -0.156  -4.974   3   1  165  180
 60   0.183   8.645   3   1  385  400
 61  -4.711  -6.848   3   1  303  318
 62  -2.729  -0.691   3   1  494  509
 63   4.850  -3.287   3   1   69   84
 64   9.931   1.533   3   1   90  105
 65   1.552   8.745   3   1  341  356
 66  -5.136  -1.208   3   1  429  444
 67  -6.912   2.944   3   1  114  129
 68  -5.832  -0.508   3   1   66   81
 69  -2.209   4.682   3   1    0   15
 70   7.270   3.341   3   1  512  527
 71   6.693   3.366   3   1  457  472
 72  -3.989  -6.305   3   1  102  117
 73   9.608   2.607   3   1  111  126
 74   6.844   7.641   3   1  275  290
 75  -9.895   8.525   3   1  233  248
 76   8.533  -6.934   3   1   23   38
 77  -7.955  -8.784   3   1  108  123
 78   8.149  -5.695   3   1  438  453
 79  -1.886   4.115   3   1  378  393
 80   8.245   0.726   3   1  105  120
 81  -8.390  -7.807   3  -1  583  598
 82  -1.839  -1.385   3  -1  207  222
 83  -9.994  -2.035   3  -1  266  281
 84  -6.040   8.300   3  -1  566  581
 85  -8.573   6.133   3  -1  238  253
 86   1.767   1.965   3  -1   84   99
 87  -3.610   9.725   3  -1  276  291
 88   0.390  -0.854   3  -1  558  573
 89  -6.325  -2.396   3  -1  359  374
 90   9.352   8.308   3  -1  521  536
 91  -1.127   3.762   3  -1  180  195
 92  -7.450   6.141   3  -1  436  451
 93  -2.613  -8.720   3  -1  237  252
 94  -5.725  -3.767   3  -1  407  422
 95  -1.010   5.517   3  -1  493  508
 96  -7.287  -5.663   3  -1   72   87
 97   9.260   2.678   3  -1  396  411
 98   8.921   1.672   3  -1  451  466
 99  -0.107   0.992   3  -1  346  361
100  -9.520  -2.939   3  -1  226  241
101  -6.433  -4.036   3  -1  560  575
102   4.701  -1.759   3  -1  559  574
103  -8.161   2.714   3  -1  436  451
104  -2.387  -3.109   3  -1  565  580
105   6.977   0.949   3  -1  260  275
106  -9.491   5.799   3  -1  249  264
107  -5.333   0.866   3  -1  332  347
108  -6.838   2.019   3  -1  352  367
109   4.838  -7.333   3  -1  248  263
110   3.987  -8.802   3  -1   68   83
111  -0.302  -6.370   3  -1   62   77
112  -6.019   4.274   3  -1  579  594
113  -0.563   9.863   3  -1   53   68
114   0.085  -9.590   3  -1  101  116
115  -5.221  -1.890   3  -1  246  261
116   5.870   9.660   3  -1  505  520
117   4.111  -9.833   3  -1  524  539
118  -4.009  -1.431   3  -1   52   67
119   7.295  -4.051   3  -1  508  523
120  -8.973   3.471   3  -1   83   98
121  -1.661  -3.709   3  -1    0 1440
122   0.786   5.096   3  -1    0 1440
123   7.408   6.155   3  -1    0 1440
124  -6.431  -5.980   3  -1    0 1440
125  -4.478   3.535   3  -1    0 1440
126  -6.459   3.836   3  -1    0 1440
127  -6.816  -9.850   3  -1    0 1440
128   3.812   4.119   3  -1    0 1440
129  -6.493   5.264   3  -1    0 1440
130   7.562  -2.543   3  -1    0 1440
131   1.289  -5.197   3  -1    0 1440
132   1.395   1.073   3  -1    0 1440
133  -4.993   0.726   3  -1    0 1440
134   2.525   8.149   3  -1    0 1440
135  -1.144   4.194   3  -1    0 1440
136   8.085   3.045   3  -1    0 1440
137  -1.586   0.370   3  -1    0 1440
138  -1.055   0.018   3  -1    0 1440
139   5.393   8.258   3  -1    0 1440
140   6.147  -0.847   3  -1    0 1440
141   7.030   5.440   3  -1    0 1440
142  -4.746  -1.047   3  -1    0 1440
143   2.218   1.680   3  -1    0 1440
144   3.334  -5.456   3  -1    0 1440
145   4.387   6.578   3  -1    0 1440
146  -3.239  -6.492   3  -1    0 1440
147  -1.203  -3.760   3  -1    0 1440
148   3.511   3.477   3  -1    0 1440
149  -1.673   4.504   3  -1    0 1440
150   4.435  -1.197   3  -1    0 1440
151  -9.645   5.437   3  -1    0 1440
152  -9.699   4.803   3  -1    0 1440
153   7.891   2.553   3  -1    0 1440
154   6.721  -3.664   3  -1    0 1440
155   4.127   4.787   3  -1    0 1440
156   2.058   1.875   3  -1    0 1440
157  -1.433   5.410   3  -1    0 1440
158  -8.579  -8.156   3  -1    0 1440
159  -8.548  -9.279   3  -1    0 1440
160   7.565   5.886   3  -1    0 1440
161   0.000   0.000   0   0    0  600
