8 192 720 3 30
  0	0.000	0.000	0	0	 0 1440
  1	7.664	7.203	3	1	 0 1440
  2	8.120	2.910	3	1	 0 1440
  3	-2.940	9.305	3	1	 0 1440
  4	1.392	-0.104	3	1	 0 1440
  5	9.467	1.761	3	1	 0 1440
  6	-6.354	1.011	3	1	 0 1440
  7	-8.265	-7.759	3	1	 0 1440
  8	5.066	1.585	3	1	 0 1440
  9	-0.288	7.299	3	1	 0 1440
 10	3.365	-2.156	3	1	 0 1440
 11	-0.608	9.853	3	1	 0 1440
 12	6.956	1.889	3	1	 0 1440
 13	5.088	5.098	3	1	 0 1440
 14	-5.428	-4.305	3	1	 0 1440
 15	0.841	5.408	3	1	 0 1440
 16	1.959	5.296	3	1	 0 1440
 17	4.415	-2.507	3	1	 0 1440
 18	-7.050	5.147	3	1	 0 1440
 19	-3.736	-1.108	3	1	 0 1440
 20	7.530	9.651	3	1	 0 1440
 21	-9.977	-2.039	3	1	 0 1440
 22	-7.152	-6.289	3	1	 0 1440
 23	-1.524	6.390	3	1	 0 1440
 24	-3.262	8.050	3	1	 0 1440
 25	7.241	-6.316	3	1	 0 1440
 26	0.939	5.445	3	1	 0 1440
 27	7.537	-9.045	3	1	 0 1440
 28	-6.839	3.437	3	1	 0 1440
 29	-9.369	9.047	3	1	 0 1440
 30	-4.127	0.237	3	1	 0 1440
 31	-6.006	3.794	3	1	 0 1440
 32	-6.695	0.959	3	1	 0 1440
 33	7.848	9.822	3	1	 0 1440
 34	-4.133	0.129	3	1	 0 1440
 35	6.618	-5.815	3	1	 0 1440
 36	5.503	-9.285	3	1	 0 1440
 37	-3.641	-3.376	3	1	 0 1440
 38	3.920	6.028	3	1	 0 1440
 39	-4.764	8.494	3	1	 0 1440
 40	-9.722	-6.506	3	1	 0 1440
 41	2.330	0.163	3	1	 0 1440
 42	-2.881	-5.774	3	1	 0 1440
 43	-0.314	-2.509	3	1	 0 1440
 44	-5.098	7.804	3	1	 0 1440
 45	-9.988	7.836	3	1	 0 1440
 46	9.366	-7.853	3	1	 0 1440
 47	2.376	6.216	3	1	 0 1440
 48	8.904	-6.276	3	1	 0 1440
 49	-8.518	1.686	3	1  301  316
 50	-3.968	9.357	3	1  488  503
 51	4.467	-9.028	3	1	77	92
 52	2.195	-8.862	3	1  479  494
 53	0.329	-0.281	3	1  305  320
 54	-8.575	8.915	3	1  283  298
 55	6.407	-8.603	3	1  514  529
 56	0.524	-0.520	3	1  592  607
 57	-5.714	-8.189	3	1  549  564
 58	-5.835	-1.680	3	1  389  404
 59	-7.150	8.512	3	1	71	86
 60	-2.232	-2.374	3	1  631  646
 61	6.206	-4.226	3	1  369  384
 62	-8.621	-4.691	3	1  594  609
 63	-6.728	-7.644	3	1	13	28
 64	9.007	7.854	3	1  480  495
 65	-0.352	0.184	3	1	90  105
 66	2.361	6.740	3	1	86  101
 67	5.883	-4.299	3	1  455  470
 68	6.885	-8.077	3	1  458  473
 69	9.931	-0.961	3	1  348  363
 70	-0.559	9.796	3	1  284  299
 71	4.347	8.797	3	1  168  183
 72	-8.457	-8.971	3	1  556  571
 73	-6.361	3.072	3	1  522  537
 74	-3.132	8.859	3	1  277  292
 75	2.754	3.884	3	1  363  378
 76	-5.568	2.301	3	1  611  626
 77	-9.078	5.470	3	1  102  117
 78	-9.429	9.997	3	1  644  659
 79	6.876	3.710	3	1  481  496
 80	-0.467	-9.197	3	1  185  200
 81	-0.779	4.328	3	1	96  111
 82	-4.664	4.172	3	1  388  403
 83	2.699	0.341	3	1  603  618
 84	3.447	9.539	3	1  341  356
 85	9.083	5.577	3	1	 8	23
 86	0.156	7.083	3	1  353  368
 87	-7.311	1.864	3	1  108  123
 88	4.802	0.822	3	1  659  674
 89	-7.413	8.551	3	1  324  339
 90	6.829	8.581	3	1  654  669
 91	-1.080	0.138	3	1  272  287
 92	0.405	0.570	3	1  185  200
 93	-8.712	-4.210	3	1  237  252
 94	-0.925	-0.452	3	1  558  573
 95	-0.461	8.600	3	1  508  523
 96	-1.558	-8.214	3	1	42	57
 97	9.042	-4.507	3	-1  468  483
 98	-7.889	-1.911	3	-1  643  658
 99	2.153	-8.485	3	-1  575  590
100	1.293	8.709	3	-1	96  111
101	-9.265	2.729	3	-1  609  624
102	6.432	-3.683	3	-1  150  165
103	-6.018	8.937	3	-1  357  372
104	7.057	-2.023	3	-1  214  229
105	5.036	-0.983	3	-1  591  606
106	-9.591	-6.739	3	-1  675  690
107	-7.272	-8.847	3	-1  555  570
108	-5.201	-2.033	3	-1  411  426
109	-0.299	7.329	3	-1  330  345
110	2.396	6.157	3	-1	57	72
111	-4.131	-1.860	3	-1  536  551
112	-8.495	9.803	3	-1  202  217
113	-0.805	4.268	3	-1  386  401
114	1.224	4.838	3	-1  678  693
115	-0.073	-8.638	3	-1  284  299
116	-4.066	-6.774	3	-1  114  129
117	4.067	5.432	3	-1  117  132
118	-2.609	8.143	3	-1  282  297
119	2.558	5.969	3	-1  270  285
120	8.919	-8.114	3	-1  498  513
121	-1.851	-3.867	3	-1  358  373
122	-6.337	0.591	3	-1  272  287
123	0.614	-4.502	3	-1  244  259
124	-1.655	-3.128	3	-1  259  274
125	5.349	7.021	3	-1  418  433
126	-6.241	-6.077	3	-1  231  246
127	-8.836	-2.322	3	-1  285  300
128	8.617	8.750	3	-1  348  363
129	6.286	8.803	3	-1  103  118
130	-8.036	9.304	3	-1  336  351
131	9.935	5.664	3	-1  604  619
132	-8.463	-4.260	3	-1  225  240
133	-0.267	-9.847	3	-1  619  634
134	-6.542	-5.121	3	-1  117  132
135	-7.273	-4.943	3	-1	95  110
136	0.924	0.407	3	-1  382  397
137	-2.975	6.515	3	-1  133  148
138	2.018	-2.166	3	-1  631  646
139	4.193	6.310	3	-1  518  533
140	0.230	-9.070	3	-1  543  558
141	-3.834	8.506	3	-1  415  430
142	8.784	-7.140	3	-1  348  363
143	5.190	-7.461	3	-1  431  446
144	-0.342	-6.869	3	-1  622  637
145	2.817	-1.027	3	-1	 0 1440
146	3.876	-6.163	3	-1	 0 1440
147	-6.152	2.303	3	-1	 0 1440
148	1.669	4.342	3	-1	 0 1440
149	-3.282	-3.455	3	-1	 0 1440
150	-4.551	-4.851	3	-1	 0 1440
151	-3.369	-1.907	3	-1	 0 1440
152	4.126	-0.119	3	-1	 0 1440
153	-5.652	-4.743	3	-1	 0 1440
154	7.452	-4.697	3	-1	 0 1440
155	5.633	2.569	3	-1	 0 1440
156	3.994	-3.317	3	-1	 0 1440
157	-6.910	7.603	3	-1	 0 1440
158	-1.873	0.859	3	-1	 0 1440
159	5.144	-4.917	3	-1	 0 1440
160	-0.752	-2.673	3	-1	 0 1440
161	0.177	-1.841	3	-1	 0 1440
162	5.927	9.987	3	-1	 0 1440
163	6.193	-8.343	3	-1	 0 1440
164	-6.964	-7.806	3	-1	 0 1440
165	-4.534	-7.714	3	-1	 0 1440
166	-8.707	-2.706	3	-1	 0 1440
167	6.942	-5.469	3	-1	 0 1440
168	6.891	8.283	3	-1	 0 1440
169	4.166	-0.660	3	-1	 0 1440
170	-3.776	-1.209	3	-1	 0 1440
171	-1.278	-8.207	3	-1	 0 1440
172	1.233	-5.772	3	-1	 0 1440
173	8.575	9.719	3	-1	 0 1440
174	-8.739	-8.401	3	-1	 0 1440
175	-4.762	-0.053	3	-1	 0 1440
176	6.816	-1.608	3	-1	 0 1440
177	-8.854	-6.895	3	-1	 0 1440
178	-2.463	7.638	3	-1	 0 1440
179	8.559	-1.831	3	-1	 0 1440
180	-1.261	3.444	3	-1	 0 1440
181	0.319	2.793	3	-1	 0 1440
182	-7.674	0.958	3	-1	 0 1440
183	-9.821	7.017	3	-1	 0 1440
184	-7.646	-1.026	3	-1	 0 1440
185	-8.327	2.928	3	-1	 0 1440
186	-3.625	6.368	3	-1	 0 1440
187	5.451	-5.503	3	-1	 0 1440
188	4.653	-2.512	3	-1	 0 1440
189	0.177	3.152	3	-1	 0 1440
190	-2.046	9.896	3	-1	 0 1440
191	-7.516	-1.911	3	-1	 0 1440
192	-5.082	-2.977	3	-1	 0 1440
193	0.000	0.000	0	0	 0  720
