2 16 480 6 45
  0   0.000   0.000   0   0    0  480
  1   5.525   6.750   6   6    0 1440
  2   0.366   6.249   1   1    0 1440
  3  -3.611  -2.115   5   5    0 1440
  4  -9.704  -1.154   6   6    0 1440
  5  -0.145  -2.659   6   6    0 1440
  6   6.602  -0.700   1   1    0 1440
  7  -9.417   1.315   3   3    0 1440
  8  -8.108  -0.165   1   1    0 1440
  9   9.652  -6.043   2   2   24   39
 10  -4.214  -6.219   1   1   25   40
 11  -6.312   4.187   4   4  307  322
 12   9.505  -4.496   3   3  320  335
 13  -5.078   1.371   1   1  264  279
 14  -9.106   4.125   3   3  402  417
 15  -3.981   4.082   3   3  345  360
 16   1.023   5.440   2   2  163  178
 17   8.740  -2.490   6  -6  196  211
 18  -5.203   8.897   1  -1  151  166
 19   5.734  -4.899   5  -5  252  267
 20   7.821  -6.475   6  -6  408  423
 21  -7.387  -2.528   6  -6  266  281
 22   2.965   3.351   1  -1  181  196
 23   0.841   6.832   3  -3  341  356
 24   6.128  -0.224   1  -1  173  188
 25  -8.475  -1.503   2  -2    0 1440
 26   4.906   3.128   1  -1    0 1440
 27   8.980   2.988   4  -4    0 1440
 28   2.914   0.820   3  -3    0 1440
 29   1.638   4.757   1  -1    0 1440
 30  -8.934  -5.149   3  -3    0 1440
 31   5.350  -0.199   3  -3    0 1440
 32   2.165  -4.790   2  -2    0 1440
 33   0.000   0.000   0   0    0  480
