2 20 600 6 45
  0   0.000   0.000   0   0    0  600
  1   8.451   9.876   6   6    0 1440
  2  -9.571   6.297   4   4    0 1440
  3   2.920  -3.089   1   1    0 1440
  4  -8.514  -9.367   3   3    0 1440
  5   1.642   0.706   6   6    0 1440
  6   0.952   4.120   6   6    0 1440
  7  -0.445  -1.274   2   2    0 1440
  8   6.032   1.040   6   6    0 1440
  9  -2.641   4.080   1   1    0 1440
 10  -5.605   6.892   1   1    0 1440
 11   6.614  -0.099   1   1  199  214
 12  -6.693  -4.683   6   6  287  302
 13   3.294  -1.101   6   6  155  170
 14   5.477  -5.867   4   4  195  210
 15   1.670  -7.976   4   4   76   91
 16  -7.266   4.571   6   6  463  478
 17  -9.971  -0.718   5   5  196  211
 18   5.993  -8.715   4   4  492  507
 19   0.665  -7.435   6   6  401  416
 20  -7.944   1.585   6   6   91  106
 21   2.608  -8.236   6  -6  550  565
 22   6.153  -2.591   4  -4  319  334
 23  -0.221   8.623   1  -1  164  179
 24  -7.063  -5.236   3  -3  487  502
 25   4.778  -3.970   6  -6   85  100
 26   5.730   0.829   6  -6  384  399
 27   7.923  -4.148   2  -2   79   94
 28   8.251  -7.056   6  -6  345  360
 29   8.360  -2.008   1  -1  102  117
 30   4.767   5.101   1  -1  427  442
 31   1.749   0.734   1  -1    0 1440
 32   2.133   2.033   6  -6    0 1440
 33   4.017  -5.666   6  -6    0 1440
 34  -5.680  -0.444   4  -4    0 1440
 35   6.707  -1.437   4  -4    0 1440
 36  -1.578   2.635   6  -6    0 1440
 37  -7.536  -4.655   5  -5    0 1440
 38  -2.210  -5.108   4  -4    0 1440
 39  -2.400   4.798   6  -6    0 1440
 40  -1.173  -5.920   6  -6    0 1440
 41   0.000   0.000   0   0    0  600
