2 24 720 6 45
  0   0.000   0.000   0   0    0  720
  1  -6.829  -5.040   3   3    0 1440
  2  -3.706   9.484   1   1    0 1440
  3   5.656  -9.641   3   3    0 1440
  4  -3.481   5.190   1   1    0 1440
  5  -0.053  -7.426   2   2    0 1440
  6   0.169  -6.350   6   6    0 1440
  7  -6.607  -3.178   5   5    0 1440
  8  -0.121   7.850   4   4    0 1440
  9   4.428   4.884   2   2    0 1440
 10  -7.215  -4.858   6   6    0 1440
 11   6.789   6.135   2   2    0 1440
 12   3.741   6.296   4   4    0 1440
 13   0.679  -9.377   4   4  439  454
 14   3.132   2.536   5   5  554  569
 15  -5.190   1.022   2   2  361  376
 16   9.005  -8.940   1   1  207  222
 17  -1.791   4.919   5   5  211  226
 18   5.138  -2.198   5   5  640  655
 19  -0.919  -4.533   5   5   37   52
 20   8.423   9.580   4   4  111  126
 21  -9.599  -6.015   2   2  165  180
 22  -2.246   9.797   6   6  499  514
 23  -0.906  -8.844   3   3  518  533
 24   6.316  -6.617   6   6  629  644
 25   2.220  -0.148   3  -3  317  332
 26   3.519   1.108   1  -1  276  291
 27  -2.266  -7.295   3  -3  183  198
 28   0.281  -4.946   1  -1  479  494
 29  -1.653  -4.282   2  -2  422  437
 30  -2.918   5.130   6  -6  483  498
 31  -6.773  -7.124   5  -5  378  393
 32  -0.008   0.238   4  -4  196  211
 33   9.216  -0.382   2  -2  599  614
 34   4.216  -4.641   6  -6  343  358
 35   0.104  -9.562   2  -2  476  491
 36  -1.374  -9.437   4  -4  395  410
 37  -8.619  -1.471   4  -4    0 1440
 38  -3.954  -1.985   5  -5    0 1440
 39   8.449  -0.048   2  -2    0 1440
 40  -9.403   5.140   1  -1    0 1440
 41   4.776  -5.494   5  -5    0 1440
 42  -3.981   5.761   5  -5    0 1440
 43  -2.320  -8.383   5  -5    0 1440
 44  -9.495  -0.555   4  -4    0 1440
 45  -0.538  -8.539   2  -2    0 1440
 46   2.811  -7.327   6  -6    0 1440
 47   2.455   6.896   3  -3    0 1440
 48   7.297  -8.218   6  -6    0 1440
 49   0.000   0.000   0   0    0  720
