3 24 480 6 45
  0   0.000   0.000   0   0    0  480
  1  -6.080   9.407   1   1    0 1440
  2  -8.593  -8.240   1   1    0 1440
  3  -2.267  -0.471   6   6    0 1440
  4   3.614  -8.727   1   1    0 1440
  5  -0.349   7.203   1   1    0 1440
  6   2.906  -3.658   1   1    0 1440
  7  -9.619  -2.550   3   3    0 1440
  8   9.126  -2.719   3   3    0 1440
  9   2.848  -4.998   4   4    0 1440
 10  -7.389   7.235   5   5    0 1440
 11   4.325  -8.505   6   6    0 1440
 12  -1.727  -3.649   1   1    0 1440
 13  -4.544  -2.463   3   3  352  367
 14   7.988   9.634   5   5  218  233
 15  -1.858   0.809   6   6   93  108
 16  -7.218   0.974   5   5  206  221
 17  -2.504  -0.948   6   6  218  233
 18  -3.075   0.919   5   5    1   16
 19   1.241  -7.932   6   6  381  396
 20  -8.729   6.918   4   4  324  339
 21   6.520  -1.669   6   6   39   54
 22   7.316  -6.325   6   6   25   40
 23   6.792  -5.806   1   1  418  433
 24  -2.220   3.630   1   1  216  231
 25   1.830   7.635   1  -1  214  229
 26   9.844  -6.405   1  -1  401  416
 27   7.548   4.782   6  -6  133  148
 28   9.751  -2.094   1  -1  223  238
 29   2.082   3.216   1  -1  349  364
 30  -5.910   2.313   1  -1  204  219
 31  -6.868  -7.859   3  -3  249  264
 32   4.459  -1.346   3  -3  155  170
 33  -7.144   4.121   4  -4  153  168
 34  -9.587   9.814   5  -5  410  425
 35  -3.465  -9.333   6  -6  112  127
 36   9.230   5.723   1  -1  319  334
 37  -9.504   2.737   3  -3    0 1440
 38  -8.001  -7.010   5  -5    0 1440
 39   8.730  -4.623   6  -6    0 1440
 40   2.869  -5.724   5  -5    0 1440
 41  -8.192   3.847   6  -6    0 1440
 42  -7.013   4.462   5  -5    0 1440
 43   3.712   0.875   6  -6    0 1440
 44  -5.156   2.081   4  -4    0 1440
 45   3.003  -2.506   6  -6    0 1440
 46  -5.225  -3.631   6  -6    0 1440
 47  -4.453  -2.289   1  -1    0 1440
 48   1.251  -0.152   1  -1    0 1440
 49   0.000   0.000   0   0    0  480
