3 36 720 6 45
  0   0.000   0.000   0   0    0  720
  1  -1.286  -8.642   1   1    0 1440
  2   9.969  -6.246   2   2    0 1440
  3  -4.132   6.089   2   2    0 1440
  4  -0.984   7.711   5   5    0 1440
  5  -2.311  -4.698   2   2    0 1440
  6  -2.388   2.928   6   6    0 1440
  7  -5.315   7.974   1   1    0 1440
  8   7.391  -5.699   5   5    0 1440
  9  -6.558  -7.537   6   6    0 1440
 10  -5.429   3.211   6   6    0 1440
 11   2.886   2.041   5   5    0 1440
 12  -8.274  -1.433   3   3    0 1440
 13  -8.359   7.694   6   6    0 1440
 14   5.061   9.875   2   2    0 1440
 15   6.187  -8.006   6   6    0 1440
 16  -2.333  -2.718   6   6    0 1440
 17   0.027  -7.192   6   6    0 1440
 18  -1.209   7.289   2   2    0 1440
 19  -9.239   9.562   6   6  117  132
 20   7.725   2.155   2   2  350  365
 21  -9.449  -8.047   4   4  630  645
 22   0.535   7.992   1   1  546  561
 23  -5.304   6.799   5   5   97  112
 24   8.690  -5.809   6   6   97  112
 25  -8.175   7.879   5   5   73   88
 26  -5.408   4.217   1   1  195  210
 27  -4.345  -2.336   3   3  263  278
 28  -9.779   7.117   5   5  419  434
 29   9.984  -0.909   4   4  201  216
 30  -2.882  -9.178   2   2  503  518
 31  -2.788   0.267   6   6  432  447
 32  -2.644  -3.536   2   2  434  449
 33  -6.984  -5.421   2   2  593  608
 34   2.856   0.051   3   3   12   27
 35  -1.960   2.542   1   1  616  631
 36  -5.869  -0.589   3   3  220  235
 37  -0.084  -5.493   1  -1  563  578
 38  -7.938  -6.618   2  -2  340  355
 39  -7.640  -0.915   2  -2  373  388
 40   3.345   1.616   5  -5  157  172
 41   4.547   3.934   2  -2  144  159
 42   3.772  -1.029   6  -6  570  585
 43   8.247  -1.561   1  -1  109  124
 44  -2.502   3.480   5  -5  345  360
 45  -4.401  -8.847   6  -6  660  675
 46  -5.096  -0.126   6  -6  647  662
 47  -3.550  -4.186   5  -5  385  400
 48  -9.894   9.700   3  -3  381  396
 49  -4.064  -4.058   6  -6  516  531
 50  -7.142   7.524   2  -2  608  623
 51  -1.418  -0.602   6  -6   72   87
 52   1.342   9.708   6  -6  134  149
 53   8.882   8.594   6  -6  419  434
 54  -9.776  -3.515   2  -2  596  611
 55  -8.773  -9.364   6  -6    0 1440
 56   4.938   9.719   2  -2    0 1440
 57   2.002  -2.167   4  -4    0 1440
 58  -8.263   3.343   1  -1    0 1440
 59  -0.878  -8.015   5  -5    0 1440
 60   6.367   8.252   6  -6    0 1440
 61   4.728   3.980   5  -5    0 1440
 62   4.998  -3.455   1  -1    0 1440
 63   3.366  -6.354   3  -3    0 1440
 64   1.406   7.020   5  -5    0 1440
 65   2.081  -5.824   4  -4    0 1440
 66   2.158  -5.003   2  -2    0 1440
 67   0.730  -8.571   6  -6    0 1440
 68  -7.070   5.020   2  -2    0 1440
 69  -3.203  -9.867   2  -2    0 1440
 70  -6.199  -8.053   3  -3    0 1440
 71   5.095  -1.138   1  -1    0 1440
 72  -2.696   4.398   3  -3    0 1440
 73   0.000   0.000   0   0    0  720
