3 30 600 6 45
  0   0.000   0.000   0   0    0  600
  1  -4.181  -2.523   3   3    0 1440
  2  -1.595   3.850   4   4    0 1440
  3  -5.878  -8.555   1   1    0 1440
  4   1.189   0.748   4   4    0 1440
  5  -1.249  -3.589   1   1    0 1440
  6   1.076  -8.445   6   6    0 1440
  7  -8.186   3.263   3   3    0 1440
  8  -4.101   4.841   5   5    0 1440
  9  -2.948   4.560   2   2    0 1440
 10  -2.426   8.751   3   3    0 1440
 11  -8.813  -0.666   6   6    0 1440
 12   3.039   1.486   5   5    0 1440
 13   1.349  -0.968   3   3    0 1440
 14  -7.569  -0.589   5   5    0 1440
 15  -6.867   0.014   5   5    0 1440
 16  -6.984   8.674   6   6  461  476
 17   8.557   7.329   6   6  357  372
 18  -1.759   5.026   5   5  112  127
 19  -9.101  -9.639   5   5  387  402
 20  -4.354   5.919   1   1  309  324
 21   4.466  -1.792   5   5  207  222
 22   0.234  -9.792   2   2  513  528
 23  -9.209  -0.801   4   4  150  165
 24   9.984  -5.649   1   1    3   18
 25   4.698   9.051   1   1  535  550
 26  -7.913  -6.334   4   4  535  550
 27   7.983   4.553   3   3  521  536
 28   7.220   2.324   2   2   70   85
 29   1.979   3.780   2   2  412  427
 30   6.465  -7.602   4   4  140  155
 31   4.352  -1.328   3  -3  133  148
 32  -7.033  -8.567   4  -4  321  336
 33  -0.206  -6.239   1  -1  577  592
 34   8.319  -9.858   4  -4  308  323
 35   2.609   4.114   1  -1  239  254
 36  -1.799   8.553   6  -6  322  337
 37  -4.721   5.664   3  -3  181  196
 38   0.834  -2.656   5  -5  483  498
 39  -4.216   7.799   2  -2  210  225
 40   4.677   3.985   3  -3   75   90
 41   9.868  -7.257   6  -6  212  227
 42  -9.765  -3.698   5  -5  536  551
 43  -8.202  -3.810   3  -3  142  157
 44   6.193   6.992   5  -5  459  474
 45  -8.434  -8.117   5  -5  552  567
 46   6.738   2.350   6  -6    0 1440
 47   2.519   0.043   6  -6    0 1440
 48   0.170   7.272   5  -5    0 1440
 49   8.792   0.309   5  -5    0 1440
 50   8.916   5.660   1  -1    0 1440
 51  -6.185   3.140   5  -5    0 1440
 52   4.722  -2.437   2  -2    0 1440
 53   3.006   5.817   4  -4    0 1440
 54   1.177  -9.656   1  -1    0 1440
 55  -2.868   0.617   1  -1    0 1440
 56   7.259   0.294   4  -4    0 1440
 57  -9.368   8.191   3  -3    0 1440
 58  -1.014  -3.580   2  -2    0 1440
 59  -5.213   6.330   2  -2    0 1440
 60   9.829   5.516   4  -4    0 1440
 61   0.000   0.000   0   0    0  600
