4 16 240 6 45
  0   0.000   0.000   0   0    0  240
  1  -6.927  -7.741   5   5    0 1440
  2  -5.327   1.806   3   3    0 1440
  3   8.362  -3.341   2   2    0 1440
  4   7.616   3.165   4   4    0 1440
  5  -5.435   1.997   6   6    0 1440
  6  -2.339   1.347   5   5    0 1440
  7   8.998   9.829   4   4    0 1440
  8   7.884   0.580   1   1    0 1440
  9   0.420   1.585   6   6   41   56
 10  -5.398  -7.231   3   3    1   16
 11   6.002  -9.365   3   3  143  158
 12   3.413   5.970   6   6   79   94
 13   9.887  -9.844   6   6   26   41
 14  -4.903  -6.750   5   5   26   41
 15  -8.680  -2.884   5   5  150  165
 16  -5.745   3.917   6   6    9   24
 17   1.944   4.861   5  -5  126  141
 18   3.765   2.908   3  -3  108  123
 19  -6.065   1.465   2  -2   97  112
 20   6.955   9.295   4  -4   54   69
 21   8.131  -4.645   6  -6  219  234
 22  -9.531  -0.080   5  -5   99  114
 23  -9.996   0.804   4  -4  104  119
 24   1.274  -5.458   1  -1  176  191
 25  -9.645  -6.415   6  -6    0 1440
 26  -5.784   6.599   3  -3    0 1440
 27   7.231  -2.651   3  -3    0 1440
 28  -3.850   3.242   6  -6    0 1440
 29   4.837   0.467   6  -6    0 1440
 30  -0.200   6.682   5  -5    0 1440
 31   7.987  -5.911   5  -5    0 1440
 32   0.588  -5.109   6  -6    0 1440
 33   0.000   0.000   0   0    0  240
