4 40 600 6 45
  0   0.000   0.000   0   0    0  600
  1   7.593  -1.883   6   6    0 1440
  2  -1.501   4.942   6   6    0 1440
  3  -9.308   9.297   4   4    0 1440
  4  -1.533   8.379   6   6    0 1440
  5  -8.564  -2.194   1   1    0 1440
  6   9.820   6.341   5   5    0 1440
  7  -1.032  -8.876   6   6    0 1440
  8  -2.192   9.568   6   6    0 1440
  9  -1.172  -6.025   3   3    0 1440
 10   2.316   0.748   5   5    0 1440
 11  -8.674   0.295   1   1    0 1440
 12   1.060  -0.781   5   5    0 1440
 13   2.213  -4.008   3   3    0 1440
 14  -5.740  -1.400   2   2    0 1440
 15  -0.627  -4.539   6   6    0 1440
 16   1.846   4.063   6   6    0 1440
 17  -2.351  -2.672   1   1    0 1440
 18  -5.872  -4.814   2   2    0 1440
 19   3.183   3.888   6   6    0 1440
 20   8.096   8.148   2   2    0 1440
 21  -6.590   6.293   1   1  369  384
 22   3.685  -7.841   2   2   75   90
 23  -6.634   5.665   6   6    8   23
 24  -6.325  -0.792   5   5  171  186
 25   7.423   2.854   5   5  526  541
 26   2.128   7.961   6   6  501  516
 27  -7.883  -3.154   4   4  323  338
 28  -2.918  -8.757   2   2   16   31
 29  -6.947   3.191   2   2  203  218
 30   8.605   9.984   6   6  431  446
 31   0.944   5.398   6   6  331  346
 32  -2.515  -7.146   2   2  389  404
 33  -3.689  -0.613   5   5  348  363
 34  -1.820  -9.934   3   3  129  144
 35  -1.090  -3.029   6   6  127  142
 36  -5.120   4.567   6   6  346  361
 37   2.562   3.252   1   1  484  499
 38  -0.146  -0.311   5   5  113  128
 39   2.131  -8.247   2   2  312  327
 40   7.004   9.997   1   1  536  551
 41   5.136   6.643   6  -6   72   87
 42  -2.269   4.328   6  -6  150  165
 43   9.539   8.338   4  -4   91  106
 44   1.496  -7.824   6  -6  182  197
 45  -0.389  -4.758   1  -1   77   92
 46   8.570  -2.063   5  -5  406  421
 47  -6.288  -6.091   6  -6   45   60
 48   8.733  -2.896   6  -6  381  396
 49  -4.463  -2.793   3  -3   75   90
 50  -0.852  -9.878   5  -5  361  376
 51   4.211   7.667   1  -1  193  208
 52   1.116   2.184   5  -5  241  256
 53  -7.167   1.781   3  -3  127  142
 54   8.765  -1.765   2  -2  485  500
 55   8.288  -9.879   6  -6  581  596
 56   9.736  -7.859   6  -6  482  497
 57  -1.537   6.868   1  -1  108  123
 58   2.860   0.120   2  -2  453  468
 59  -1.099  -8.217   6  -6  581  596
 60  -3.490  -6.442   2  -2  492  507
 61   8.477   7.473   1  -1    0 1440
 62  -1.733  -8.987   2  -2    0 1440
 63  -0.738  -1.448   6  -6    0 1440
 64   2.565   7.563   5  -5    0 1440
 65   2.445   5.571   5  -5    0 1440
 66   9.412  -1.579   6  -6    0 1440
 67   0.570  -5.724   4  -4    0 1440
 68   4.950  -7.253   2  -2    0 1440
 69  -2.823   2.261   2  -2    0 1440
 70  -7.836   1.459   6  -6    0 1440
 71  -0.138  -1.095   6  -6    0 1440
 72  -9.599   4.331   2  -2    0 1440
 73   1.759  -2.446   5  -5    0 1440
 74   7.559  -8.630   3  -3    0 1440
 75  -1.575  -1.106   6  -6    0 1440
 76   0.828  -9.721   6  -6    0 1440
 77  -2.783   5.416   1  -1    0 1440
 78  -2.141   9.242   5  -5    0 1440
 79  -6.407   2.197   2  -2    0 1440
 80   3.873  -6.025   1  -1    0 1440
 81   0.000   0.000   0   0    0  600
