5 50 600 6 45
  0   0.000   0.000   0   0    0  600
  1  -8.824   2.653   3   3    0 1440
  2   7.443  -1.283   4   4    0 1440
  3   6.308  -3.222   6   6    0 1440
  4  -8.019  -1.672   4   4    0 1440
  5   8.239   1.953   4   4    0 1440
  6   8.505   9.654   2   2    0 1440
  7   6.018  -6.250   3   3    0 1440
  8  -4.540  -3.827   2   2    0 1440
  9   6.993  -9.766   3   3    0 1440
 10  -0.305   8.214   3   3    0 1440
 11  -0.669  -8.789   6   6    0 1440
 12   6.677  -1.168   6   6    0 1440
 13   4.402   9.991   6   6    0 1440
 14  -3.939   0.205   6   6    0 1440
 15   6.995  -7.367   4   4    0 1440
 16  -5.666   8.329   3   3    0 1440
 17   1.844   0.863   2   2    0 1440
 18   6.934   4.348   1   1    0 1440
 19  -8.967  -5.238   4   4    0 1440
 20  -1.462   2.508   2   2    0 1440
 21  -7.600  -7.425   5   5    0 1440
 22   7.315   6.622   3   3    0 1440
 23   8.054  -7.398   1   1    0 1440
 24  -6.540   0.196   5   5    0 1440
 25   2.011   3.435   5   5    0 1440
 26  -2.605  -1.577   6   6   97  112
 27  -8.770   0.678   1   1  496  511
 28  -9.737  -6.937   4   4  125  140
 29  -3.767  -2.734   2   2   30   45
 30   9.747  -6.484   1   1  461  476
 31   1.943   3.046   6   6  262  277
 32  -6.006  -6.252   6   6  160  175
 33   3.075  -3.822   1   1  508  523
 34  -9.213   4.927   1   1  519  534
 35  -0.824   5.592   5   5  444  459
 36  -0.227  -5.298   3   3   78   93
 37   2.559  -7.621   3   3  531  546
 38  -7.756   7.252   5   5  477  492
 39  -2.755  -5.649   2   2  201  216
 40  -8.575   0.288   3   3  170  185
 41   3.467   4.280   6   6   70   85
 42  -8.905   4.940   3   3   52   67
 43  -6.842  -7.987   6   6  492  507
 44   8.095   5.227   3   3    7   22
 45  -0.108   4.510   3   3   38   53
 46  -3.508   8.126   6   6  476  491
 47  -6.615  -0.286   1   1  488  503
 48  -9.736  -1.280   3   3  209  224
 49  -9.495   4.059   3   3   68   83
 50   6.012   2.411   6   6  521  536
 51   1.970   3.003   3  -3  176  191
 52   6.059  -5.107   4  -4   64   79
 53   2.199  -9.617   6  -6  173  188
 54   4.748  -9.003   4  -4  163  178
 55  -2.487  -6.738   4  -4  252  267
 56   2.086   1.158   2  -2  252  267
 57  -7.468  -5.265   3  -3  422  437
 58  -6.266   2.238   2  -2  193  208
 59  -3.903  -4.678   3  -3  333  348
 60  -4.666  -8.353   3  -3  291  306
 61  -2.900  -1.014   6  -6  215  230
 62   4.276  -9.573   6  -6  483  498
 63  -5.528  -9.425   6  -6  155  170
 64   3.704  -3.706   6  -6  512  527
 65  -1.280   5.210   4  -4  348  363
 66   9.699  -4.455   3  -3  492  507
 67  -4.638  -9.324   2  -2  311  326
 68  -9.809   6.925   1  -1  343  358
 69  -3.173   1.238   4  -4  147  162
 70   0.117   1.171   2  -2  122  137
 71  -0.339  -9.272   5  -5  349  364
 72  -2.950  -1.821   3  -3  110  125
 73  -5.340   2.402   1  -1  135  150
 74  -7.382  -1.777   5  -5  134  149
 75  -7.606  -5.481   5  -5  551  566
 76   5.965  -0.030   6  -6    0 1440
 77   4.009   7.852   1  -1    0 1440
 78  -9.758  -7.135   4  -4    0 1440
 79   6.104   6.429   2  -2    0 1440
 80   6.338   3.182   1  -1    0 1440
 81  -1.747  -9.634   6  -6    0 1440
 82   9.453   4.672   6  -6    0 1440
 83   7.568   6.139   1  -1    0 1440
 84  -3.334  -1.947   1  -1    0 1440
 85  -7.158   2.692   5  -5    0 1440
 86  -2.033  -7.180   3  -3    0 1440
 87   2.327   6.308   3  -3    0 1440
 88  -9.926  -1.578   5  -5    0 1440
 89   7.000  -7.829   2  -2    0 1440
 90   4.229   7.018   3  -3    0 1440
 91   6.695   8.170   6  -6    0 1440
 92   2.074  -6.526   3  -3    0 1440
 93   0.625  -9.590   6  -6    0 1440
 94  -3.708  -7.554   3  -3    0 1440
 95  -0.111  -9.820   3  -3    0 1440
 96  -9.626  -9.228   6  -6    0 1440
 97   9.638   8.325   1  -1    0 1440
 98  -3.730  -7.722   3  -3    0 1440
 99  -5.226   5.731   3  -3    0 1440
100   7.112   0.522   6  -6    0 1440
101   0.000   0.000   0   0    0  600
