7 70 600 6 45
  0   0.000   0.000   0   0    0  600
  1   1.167   6.703   6   6    0 1440
  2   3.417  -0.753   1   1    0 1440
  3  -6.629  -1.979   1   1    0 1440
  4   8.921   2.215   6   6    0 1440
  5   7.648   6.549   1   1    0 1440
  6   1.479   3.223   6   6    0 1440
  7  -7.809   5.264   3   3    0 1440
  8   8.214   6.500   4   4    0 1440
  9   8.511  -2.596   6   6    0 1440
 10  -5.737   8.010   1   1    0 1440
 11  -1.599   0.569   1   1    0 1440
 12   3.921  -9.274   5   5    0 1440
 13  -3.747  -9.663   6   6    0 1440
 14   9.282  -9.168   3   3    0 1440
 15   3.383   5.799   5   5    0 1440
 16   0.098   1.369   2   2    0 1440
 17  -0.394   6.973   3   3    0 1440
 18   9.178  -4.143   5   5    0 1440
 19   0.639  -6.065   1   1    0 1440
 20   0.961  -3.762   3   3    0 1440
 21  -5.396  -7.172   6   6    0 1440
 22  -0.952  -5.012   6   6    0 1440
 23   8.329  -4.309   5   5    0 1440
 24  -0.173   7.433   6   6    0 1440
 25  -3.282   5.213   5   5    0 1440
 26   3.288   9.257   6   6    0 1440
 27  -6.937  -5.660   4   4    0 1440
 28  -9.736   8.871   5   5    0 1440
 29  -2.125  -7.752   6   6    0 1440
 30  -5.060   0.165   6   6    0 1440
 31  -7.661  -2.834   3   3    0 1440
 32   8.591  -0.237   6   6    0 1440
 33  -5.051   1.777   2   2    0 1440
 34   9.060   0.319   6   6    0 1440
 35  -7.966   2.931   1   1    0 1440
 36   8.562  -8.539   2   2  229  244
 37  -0.331   8.573   3   3  451  466
 38  -8.962   5.115   6   6  525  540
 39   8.950   1.706   6   6  249  264
 40   7.536   1.730   4   4  387  402
 41  -8.981   9.337   5   5  159  174
 42   0.964   1.066   2   2  517  532
 43  -3.751   2.200   6   6  244  259
 44  -9.163  -5.017   3   3   59   74
 45  -8.209  -8.524   5   5  349  364
 46  -2.115  -7.037   6   6  505  520
 47   3.128  -5.863   6   6  242  257
 48  -6.647   4.881   2   2  366  381
 49  -5.386   1.246   6   6  490  505
 50   1.809  -7.364   5   5  474  489
 51  -3.776   3.515   4   4  322  337
 52  -2.097  -8.664   3   3    7   22
 53  -8.971  -4.555   2   2  323  338
 54  -0.501   9.370   1   1  520  535
 55   8.919  -8.989   2   2  438  453
 56   9.121   9.368   1   1  262  277
 57  -5.420   3.182   1   1   22   37
 58  -3.818   1.865   6   6  497  512
 59  -6.383  -0.379   3   3  280  295
 60  -7.718  -7.009   3   3  239  254
 61   9.539  -9.034   1   1   60   75
 62  -1.382   1.443   4   4  342  357
 63  -7.353   4.930   3   3  353  368
 64   2.949  -9.234   5   5  247  262
 65   2.971   6.511   1   1  145  160
 66  -5.172   3.406   6   6  379  394
 67  -1.952   9.276   3   3  281  296
 68   2.162  -2.260   3   3  450  465
 69  -9.810  -0.741   1   1  129  144
 70   0.135  -7.348   4   4  102  117
 71  -4.367  -3.494   6  -6  423  438
 72  -7.033   6.333   1  -1  227  242
 73   9.432   9.295   1  -1  376  391
 74   0.875  -1.049   6  -6  410  425
 75   1.313  -4.262   1  -1  249  264
 76   1.863  -1.818   6  -6  377  392
 77   1.787   1.438   3  -3  505  520
 78   1.491  -3.766   4  -4  491  506
 79  -0.292   0.726   6  -6  225  240
 80   6.308  -9.189   1  -1  550  565
 81   3.525  -8.376   1  -1  286  301
 82  -6.102  -0.815   5  -5  283  298
 83   3.549  -7.247   6  -6  345  360
 84   8.294  -3.314   3  -3  571  586
 85   3.283   1.392   5  -5  526  541
 86  -7.504  -9.333   2  -2  398  413
 87   8.040   0.332   3  -3  377  392
 88   3.478   9.515   5  -5  197  212
 89   5.512   1.470   1  -1  394  409
 90   5.581  -3.240   3  -3   53   68
 91   7.071   5.972   6  -6  232  247
 92  -2.655  -3.980   6  -6  374  389
 93   6.854  -5.814   5  -5   96  111
 94  -2.992   3.762   6  -6  575  590
 95  -0.561   2.956   5  -5  104  119
 96  -9.197   6.116   6  -6  503  518
 97  -4.178  -1.949   4  -4   99  114
 98   0.171  -4.045   5  -5  456  471
 99  -5.816  -4.691   6  -6   64   79
100  -5.335  -9.847   6  -6  216  231
101   0.909  -8.404   3  -3  151  166
102   0.088  -7.068   6  -6   88  103
103   8.403  -6.180   2  -2  210  225
104   2.233  -8.692   6  -6  268  283
105  -7.518   2.198   1  -1  329  344
106  -5.027  -4.272   2  -2    0 1440
107  -4.840   9.432   3  -3    0 1440
108   3.041   2.816   6  -6    0 1440
109   5.922  -0.730   6  -6    0 1440
110   9.264   0.467   4  -4    0 1440
111   0.024  -7.521   5  -5    0 1440
112  -4.579  -0.463   2  -2    0 1440
113  -4.108  -8.636   6  -6    0 1440
114   7.658   2.543   3  -3    0 1440
115  -5.537   3.521   5  -5    0 1440
116   5.949  -2.778   6  -6    0 1440
117  -0.607  -5.806   6  -6    0 1440
118  -4.821   5.553   2  -2    0 1440
119  -2.619  -0.404   6  -6    0 1440
120  -8.284   3.286   5  -5    0 1440
121  -6.879  -0.813   4  -4    0 1440
122  -6.529   2.039   3  -3    0 1440
123   1.018   5.911   2  -2    0 1440
124   1.184  -9.255   1  -1    0 1440
125   2.590  -8.445   2  -2    0 1440
126   2.100   2.637   1  -1    0 1440
127  -0.810  -4.084   1  -1    0 1440
128  -7.742   1.628   6  -6    0 1440
129  -2.332  -7.013   3  -3    0 1440
130  -2.668  -6.707   3  -3    0 1440
131  -1.992   8.907   1  -1    0 1440
132  -4.775  -8.200   4  -4    0 1440
133   7.323   4.512   3  -3    0 1440
134   2.568  -7.431   5  -5    0 1440
135   7.837   5.962   1  -1    0 1440
136  -9.331  -4.205   6  -6    0 1440
137  -1.805   9.490   3  -3    0 1440
138   2.642  -2.909   3  -3    0 1440
139  -9.897  -9.044   1  -1    0 1440
140   5.643  -3.354   4  -4    0 1440
141   0.000   0.000   0   0    0  600
