7 84 720 6 45
  0   0.000   0.000   0   0    0  720
  1   1.450  -8.626   1   1    0 1440
  2  -5.583  -5.321   5   5    0 1440
  3  -4.376  -4.489   1   1    0 1440
  4  -7.122   2.239   5   5    0 1440
  5  -8.252   4.929   2   2    0 1440
  6   3.694   6.234   5   5    0 1440
  7  -9.180   2.167   6   6    0 1440
  8   7.476  -9.783   1   1    0 1440
  9   9.065   6.841   3   3    0 1440
 10  -1.535   7.856   1   1    0 1440
 11   8.428  -8.206   3   3    0 1440
 12   1.387   3.724   5   5    0 1440
 13   0.023   5.581   5   5    0 1440
 14   1.128  -8.340   2   2    0 1440
 15  -9.381  -9.685   6   6    0 1440
 16  -7.426   4.923   4   4    0 1440
 17   9.918   4.181   2   2    0 1440
 18  -4.517  -7.267   2   2    0 1440
 19   8.246   3.801   2   2    0 1440
 20   0.020   5.008   2   2    0 1440
 21   1.108  -0.102   4   4    0 1440
 22   0.172  -6.070   2   2    0 1440
 23   4.071  -3.519   4   4    0 1440
 24   5.538   0.663   3   3    0 1440
 25  -0.489  -7.470   4   4    0 1440
 26   7.758   4.539   3   3    0 1440
 27  -1.123   7.776   1   1    0 1440
 28  -7.000   3.701   4   4    0 1440
 29  -7.512   5.483   6   6    0 1440
 30  -0.562  -4.655   4   4    0 1440
 31   9.215   7.007   6   6    0 1440
 32   9.953  -7.991   6   6    0 1440
 33  -9.274   9.961   4   4    0 1440
 34   9.895  -8.872   3   3    0 1440
 35  -9.217  -3.977   3   3    0 1440
 36  -8.249  -2.773   1   1    0 1440
 37  -6.820   0.378   6   6    0 1440
 38  -0.862   1.019   5   5    0 1440
 39  -8.126   6.110   3   3    0 1440
 40  -8.177   9.429   5   5    0 1440
 41  -4.408   5.336   6   6    0 1440
 42   7.183   7.918   2   2    0 1440
 43   6.760   6.636   2   2  355  370
 44   0.100  -5.172   3   3  470  485
 45  -0.739  -5.545   6   6   25   40
 46   6.464   8.872   5   5  518  533
 47  -1.550   5.734   1   1   31   46
 48  -6.718   5.292   2   2  618  633
 49   0.702  -5.940   1   1  408  423
 50  -0.221  -7.469   6   6   17   32
 51   5.022  -5.891   3   3   16   31
 52  -0.394   4.100   1   1  503  518
 53  -3.717   3.154   2   2  621  636
 54  -9.687   4.626   4   4  548  563
 55   6.758  -2.121   5   5  258  273
 56   9.813  -5.764   2   2  410  425
 57  -5.565  -0.893   1   1  400  415
 58   3.782   8.447   3   3  154  169
 59  -4.224  -8.395   4   4  464  479
 60   7.025   6.303   3   3  421  436
 61   2.729  -5.730   4   4  318  333
 62  -0.589  -5.349   5   5  164  179
 63   0.655   1.600   5   5  653  668
 64   3.777  -1.705   1   1   38   53
 65  -0.553   0.807   2   2  651  666
 66   8.525  -1.533   5   5   37   52
 67   2.452   8.220   1   1  456  471
 68  -7.913  -6.742   1   1  646  661
 69   3.478  -8.275   4   4  140  155
 70  -7.055  -6.201   2   2  272  287
 71   3.483  -4.565   3   3  646  661
 72  -6.924  -6.858   6   6  172  187
 73   5.144   7.953   4   4  653  668
 74   8.005   5.399   3   3  210  225
 75  -6.021  -3.167   2   2  429  444
 76   6.031   7.737   1   1  173  188
 77  -8.951  -4.792   2   2   74   89
 78  -0.588  -8.577   6   6  470  485
 79  -2.847  -9.423   5   5  285  300
 80  -1.054   9.698   3   3  147  162
 81  -1.199  -7.248   2   2   98  113
 82   1.786  -3.734   4   4  358  373
 83   9.266   0.591   3   3  287  302
 84   4.950  -5.132   6   6   24   39
 85  -8.800   6.063   1  -1  234  249
 86   5.443   9.943   5  -5  440  455
 87   3.749   7.860   1  -1  575  590
 88   5.953  -6.026   5  -5  611  626
 89  -4.793   0.255   2  -2  541  556
 90   7.694   5.068   5  -5  596  611
 91   8.174  -4.501   6  -6  258  273
 92  -6.260  -7.012   1  -1   74   89
 93  -5.521   1.304   3  -3  462  477
 94   0.202  -6.605   1  -1  180  195
 95   4.151   4.663   3  -3  558  573
 96   0.039  -6.445   5  -5  435  450
 97   3.014   0.240   5  -5  611  626
 98   5.067  -2.031   2  -2  378  393
 99   4.836   8.474   6  -6   70   85
100   6.659  -5.632   4  -4  181  196
101  -7.291   3.643   2  -2  365  380
102   6.287  -8.936   2  -2  663  678
103   7.655   9.907   2  -2   50   65
104  -3.757   0.336   2  -2  481  496
105  -2.708  -3.969   4  -4   85  100
106   1.578  -5.647   2  -2  381  396
107   0.704   6.804   4  -4  474  489
108   0.014  -0.661   3  -3  582  597
109   9.941  -5.481   4  -4  284  299
110  -8.615  -2.343   3  -3  249  264
111   7.587   2.806   1  -1  143  158
112   6.011  -0.519   4  -4  225  240
113  -1.647   3.151   6  -6  223  238
114  -2.797   1.968   4  -4  560  575
115  -0.519   3.754   6  -6  190  205
116  -3.986   7.729   6  -6  175  190
117  -8.179   4.426   4  -4  466  481
118   3.790   5.379   3  -3  666  681
119   6.378  -3.872   3  -3  630  645
120  -2.439   8.758   1  -1  189  204
121  -8.733  -4.811   6  -6  348  363
122   9.722  -0.901   5  -5  121  136
123   4.044  -6.997   3  -3  145  160
124   0.205  -2.154   5  -5  301  316
125   8.084   2.819   6  -6  594  609
126  -9.979  -2.439   2  -2  603  618
127   4.348  -2.221   2  -2    0 1440
128  -4.679  -3.790   3  -3    0 1440
129   0.147  -1.310   6  -6    0 1440
130  -6.415   1.800   5  -5    0 1440
131   3.586  -3.632   1  -1    0 1440
132   7.907   9.918   2  -2    0 1440
133   5.786   5.529   1  -1    0 1440
134   1.257   4.234   6  -6    0 1440
135   6.411   3.893   3  -3    0 1440
136   6.661  -4.660   1  -1    0 1440
137  -3.689  -8.425   2  -2    0 1440
138   6.930  -5.627   4  -4    0 1440
139  -7.761   9.289   5  -5    0 1440
140   1.494  -6.078   2  -2    0 1440
141   4.994   8.535   1  -1    0 1440
142  -3.384  -3.064   3  -3    0 1440
143  -1.496  -9.597   4  -4    0 1440
144  -0.365  -5.096   3  -3    0 1440
145  -1.264   6.965   4  -4    0 1440
146   7.094   8.519   5  -5    0 1440
147  -0.590  -0.898   5  -5    0 1440
148  -7.878   5.382   1  -1    0 1440
149   9.549  -4.250   2  -2    0 1440
150   7.183  -7.205   5  -5    0 1440
151  -6.441   7.103   1  -1    0 1440
152   2.733   3.687   1  -1    0 1440
153   5.612  -8.227   4  -4    0 1440
154  -9.560   3.752   2  -2    0 1440
155  -5.285  -8.050   3  -3    0 1440
156   9.961  -8.704   6  -6    0 1440
157   9.151   8.401   4  -4    0 1440
158  -3.684   9.730   3  -3    0 1440
159   1.033  -2.222   2  -2    0 1440
160   8.268  -8.534   1  -1    0 1440
161  -6.705  -5.809   2  -2    0 1440
162   9.735  -2.635   6  -6    0 1440
163   6.140  -7.447   5  -5    0 1440
164   9.850   5.779   3  -3    0 1440
165  -6.341  -3.461   2  -2    0 1440
166  -3.826   6.994   4  -4    0 1440
167   9.777  -9.311   3  -3    0 1440
168   4.295   5.527   6  -6    0 1440
169   0.000   0.000   0   0    0  720
