8 64 480 6 45
  0   0.000   0.000   0   0    0  480
  1  -8.055  -1.524   1   1    0 1440
  2   6.017   2.968   6   6    0 1440
  3  -5.858  -8.041   6   6    0 1440
  4   4.017   2.585   1   1    0 1440
  5  -1.805  -7.050   2   2    0 1440
  6   2.454   1.394   6   6    0 1440
  7   9.415  -6.569   3   3    0 1440
  8   2.337  -2.936   2   2    0 1440
  9   1.332   7.764   3   3    0 1440
 10   6.888   5.066   1   1    0 1440
 11  -3.425  -3.013   5   5    0 1440
 12   2.101   7.833   2   2    0 1440
 13   7.177   9.786   4   4    0 1440
 14  -1.830  -8.348   3   3    0 1440
 15  -5.409  -0.763   2   2    0 1440
 16   9.712  -7.747   3   3    0 1440
 17   1.100  -1.003   5   5    0 1440
 18   5.671   2.261   6   6    0 1440
 19   9.168  -2.213   4   4    0 1440
 20   2.166   9.368   5   5    0 1440
 21   0.921   4.089   1   1    0 1440
 22  -0.909  -6.577   1   1    0 1440
 23   2.549   3.099   5   5    0 1440
 24  -0.832   6.603   5   5    0 1440
 25   2.088  -5.266   3   3    0 1440
 26   4.897   6.483   4   4    0 1440
 27   1.691   2.441   6   6    0 1440
 28   4.788   3.037   5   5    0 1440
 29   8.653   9.388   1   1    0 1440
 30  -6.372   8.711   2   2    0 1440
 31  -0.885  -6.071   3   3    0 1440
 32  -5.491   5.505   5   5    0 1440
 33   1.853  -5.101   6   6   14   29
 34   1.518  -4.371   4   4  158  173
 35  -6.128  -8.477   2   2  146  161
 36  -1.557  -2.688   6   6  349  364
 37  -2.456   7.660   1   1  289  304
 38   6.977  -5.284   6   6   74   89
 39  -7.445  -9.014   1   1  287  302
 40   5.716   0.046   2   2  309  324
 41  -5.793  -1.426   3   3  167  182
 42  -1.841   1.921   6   6  268  283
 43   9.613  -4.473   6   6   66   81
 44  -2.146   2.285   3   3  258  273
 45  -7.458   6.245   1   1   57   72
 46  -2.659   7.688   5   5  105  120
 47  -6.091   9.862   4   4  373  388
 48  -1.373   2.655   5   5  197  212
 49   7.301  -1.269   4   4  340  355
 50  -8.085   9.446   2   2  417  432
 51  -9.094  -5.440   3   3   15   30
 52  -6.403  -4.922   3   3  319  334
 53  -8.771  -4.994   4   4  401  416
 54  -6.700  -8.942   6   6  248  263
 55  -1.739  -4.814   6   6  233  248
 56  -2.394  -5.625   6   6  284  299
 57   2.905  -3.356   2   2  326  341
 58   3.218   3.108   1   1  100  115
 59   7.329   3.807   5   5  260  275
 60   0.239   2.896   4   4  242  257
 61  -3.465   1.128   4   4  195  210
 62  -5.535   1.049   1   1  341  356
 63  -3.328  -7.287   5   5   63   78
 64  -5.414  -3.326   3   3   49   64
 65  -5.344   0.482   1  -1  433  448
 66  -0.701   5.474   6  -6  464  479
 67  -4.580   0.877   6  -6  402  417
 68   3.836   1.754   1  -1  317  332
 69   6.409  -7.609   2  -2  186  201
 70  -3.067  -9.070   6  -6  341  356
 71   3.431   2.383   3  -3   79   94
 72   3.048   4.296   2  -2  127  142
 73   7.941  -6.083   3  -3  436  451
 74   7.890   9.838   1  -1   46   61
 75   2.735   7.969   5  -5  137  152
 76   3.080   5.532   2  -2  186  201
 77   7.800  -5.759   4  -4  122  137
 78  -6.571  -4.066   3  -3  283  298
 79  -5.765   9.657   2  -2  244  259
 80   0.648  -3.301   3  -3  379  394
 81  -9.282  -1.067   5  -5  348  363
 82   3.426   5.457   6  -6  136  151
 83  -4.163  -9.180   4  -4  362  377
 84   6.361  -8.597   5  -5  117  132
 85   5.730   3.173   1  -1  101  116
 86   3.529   8.088   1  -1  458  473
 87   8.134  -5.190   5  -5  271  286
 88   2.759   6.954   5  -5  220  235
 89  -4.255   1.456   3  -3   60   75
 90   8.069  -1.015   4  -4  442  457
 91  -9.666   5.115   6  -6  357  372
 92   0.971  -2.113   5  -5  184  199
 93  -5.051   5.255   1  -1  317  332
 94   3.991  -1.638   2  -2  168  183
 95  -9.657  -4.403   3  -3  363  378
 96  -8.980   6.950   5  -5  337  352
 97   0.922  -5.110   6  -6    0 1440
 98   7.461   0.906   4  -4    0 1440
 99   6.344  -7.416   2  -2    0 1440
100   3.821   2.372   6  -6    0 1440
101  -6.073  -6.951   1  -1    0 1440
102   2.730  -8.125   6  -6    0 1440
103  -0.862  -1.816   1  -1    0 1440
104  -6.084   7.238   2  -2    0 1440
105   4.943   1.519   3  -3    0 1440
106   4.859  -4.181   6  -6    0 1440
107   4.885  -5.671   6  -6    0 1440
108   9.316  -1.160   3  -3    0 1440
109  -6.785   2.588   1  -1    0 1440
110  -5.339   5.916   5  -5    0 1440
111  -5.661   5.829   4  -4    0 1440
112  -0.230   4.154   5  -5    0 1440
113  -8.047  -0.414   4  -4    0 1440
114   3.335   8.161   2  -2    0 1440
115   3.265   8.594   3  -3    0 1440
116   3.089  -6.541   3  -3    0 1440
117   7.545   3.884   4  -4    0 1440
118  -1.000   2.030   6  -6    0 1440
119  -9.498  -2.293   6  -6    0 1440
120   9.569   2.166   6  -6    0 1440
121  -8.241   7.983   2  -2    0 1440
122  -3.553   8.224   1  -1    0 1440
123  -6.370   8.387   5  -5    0 1440
124  -6.079   5.425   4  -4    0 1440
125   9.234   0.910   4  -4    0 1440
126  -5.696   1.109   1  -1    0 1440
127   5.506   9.779   5  -5    0 1440
128   1.059   8.394   3  -3    0 1440
129   0.000   0.000   0   0    0  480
