8 80 600 6 45
  0   0.000   0.000   0   0    0  600
  1  -0.522  -0.692   4   4    0 1440
  2  -5.650  -5.325   4   4    0 1440
  3  -5.423   9.534   4   4    0 1440
  4   2.063   4.432   4   4    0 1440
  5   7.215  -3.921   4   4    0 1440
  6  -2.523  -0.254   6   6    0 1440
  7   1.564  -9.398   5   5    0 1440
  8  -5.163  -7.257   3   3    0 1440
  9   0.800  -3.331   1   1    0 1440
 10  -0.294  -1.122   4   4    0 1440
 11  -3.089  -5.810   5   5    0 1440
 12   9.397  -3.598   1   1    0 1440
 13   1.717   9.360   4   4    0 1440
 14  -1.362  -3.399   3   3    0 1440
 15   3.837  -0.615   5   5    0 1440
 16  -5.490   9.296   6   6    0 1440
 17   1.820  -8.184   6   6    0 1440
 18   8.815   3.214   1   1    0 1440
 19  -4.875  -1.011   3   3    0 1440
 20  -8.888   5.735   2   2    0 1440
 21   1.099   0.668   6   6    0 1440
 22  -4.832  -4.777   3   3    0 1440
 23   2.080   0.890   2   2    0 1440
 24   0.996  -4.165   1   1    0 1440
 25   7.494   3.867   4   4    0 1440
 26  -7.025  -4.324   5   5    0 1440
 27  -8.110   1.214   2   2    0 1440
 28  -0.690  -6.168   2   2    0 1440
 29   4.245   6.740   5   5    0 1440
 30   3.013   9.338   2   2    0 1440
 31  -5.603   5.138   1   1    0 1440
 32   2.608  -2.006   4   4    0 1440
 33  -8.063   2.064   1   1    0 1440
 34   3.493  -0.201   5   5    0 1440
 35  -2.284   5.996   5   5    0 1440
 36   8.742  -0.879   3   3    0 1440
 37  -7.137   4.397   2   2    0 1440
 38  -5.154  -4.901   4   4    0 1440
 39   2.344   9.757   6   6    0 1440
 40  -3.706  -8.167   4   4    0 1440
 41  -6.640   5.078   2   2  107  122
 42  -6.704  -4.526   6   6  291  306
 43  -7.215   8.059   6   6  299  314
 44   3.190   7.613   5   5  387  402
 45  -2.764   8.841   1   1  279  294
 46  -4.673  -9.366   6   6  129  144
 47  -5.623   1.794   6   6  260  275
 48  -9.351   2.377   4   4  324  339
 49  -0.202  -6.030   5   5  488  503
 50  -8.220   8.487   4   4   31   46
 51   0.987  -2.761   6   6  155  170
 52   6.404  -2.392   4   4  192  207
 53   7.861  -0.555   4   4  530  545
 54  -7.760  -6.975   3   3  522  537
 55  -5.708  -7.073   4   4  420  435
 56  -6.038   3.530   5   5  321  336
 57   6.976   4.646   6   6  195  210
 58   1.719  -9.509   3   3  336  351
 59  -9.197   4.201   5   5   90  105
 60  -6.814   4.311   1   1  158  173
 61  -8.323  -1.572   6   6   70   85
 62  -2.894   3.178   6   6  322  337
 63  -1.003  -1.410   4   4  417  432
 64  -8.064  -5.422   5   5  537  552
 65   9.503   9.519   2   2   51   66
 66   9.689  -1.728   1   1  157  172
 67   0.719  -9.634   4   4  526  541
 68   5.850   0.325   4   4   62   77
 69   9.904   5.131   3   3  317  332
 70  -5.616   1.582   1   1  472  487
 71  -4.183  -4.881   3   3  214  229
 72   9.921   7.853   2   2  257  272
 73   9.774   0.196   2   2    9   24
 74   2.426   2.449   3   3   18   33
 75   9.321  -1.587   6   6  268  283
 76  -1.586   1.196   6   6   14   29
 77  -8.535  -9.378   6   6  123  138
 78  -1.155  -5.590   3   3  234  249
 79   9.396   2.833   3   3   39   54
 80   2.524   4.508   6   6  308  323
 81   8.620   6.537   4  -4  444  459
 82   7.861   0.909   4  -4  277  292
 83   1.025  -1.179   4  -4  218  233
 84   2.492  -6.868   4  -4  165  180
 85   0.348   1.218   4  -4  345  360
 86  -7.605   6.784   6  -6  118  133
 87  -6.719   6.239   5  -5  361  376
 88   8.768  -5.630   3  -3  427  442
 89   9.652  -4.768   1  -1  545  560
 90   9.999   5.785   4  -4   93  108
 91   8.694   6.657   5  -5  129  144
 92  -2.958   9.999   1  -1   61   76
 93  -1.882   4.461   4  -4  232  247
 94  -6.712   5.307   3  -3  298  313
 95   8.226  -7.285   5  -5   61   76
 96  -9.078  -1.301   6  -6  443  458
 97   6.976   8.222   6  -6  182  197
 98  -1.307   8.175   1  -1  198  213
 99   1.791   1.726   3  -3  517  532
100  -9.065   0.497   2  -2  308  323
101  -1.841   0.394   6  -6  267  282
102  -1.321  -3.017   3  -3  104  119
103  -4.284  -4.706   2  -2  424  439
104  -0.983   9.985   1  -1  394  409
105  -8.145   3.229   4  -4  517  532
106  -6.550   3.643   5  -5  113  128
107   9.012  -2.887   2  -2  534  549
108   8.075  -9.799   2  -2  253  268
109   4.366  -9.920   5  -5  517  532
110   1.845  -3.120   2  -2  360  375
111  -1.950   0.073   1  -1  287  302
112  -6.417  -6.178   4  -4  422  437
113  -9.994  -4.231   1  -1  461  476
114   4.452   0.233   5  -5  157  172
115  -2.456  -2.946   5  -5   73   88
116   8.821   3.881   3  -3  336  351
117  -8.498   0.857   2  -2  182  197
118  -2.739   6.910   4  -4  188  203
119  -3.477  -7.857   6  -6  430  445
120  -5.528  -7.710   4  -4  483  498
121   0.268   2.481   2  -2    0 1440
122  -2.988   7.693   6  -6    0 1440
123  -7.286  -2.116   6  -6    0 1440
124   1.968   2.947   5  -5    0 1440
125  -9.594  -0.931   1  -1    0 1440
126  -3.944  -9.595   6  -6    0 1440
127  -8.167  -0.149   6  -6    0 1440
128  -7.689   8.709   4  -4    0 1440
129  -6.615  -2.589   5  -5    0 1440
130  -6.431  -9.379   4  -4    0 1440
131   7.965   1.621   6  -6    0 1440
132  -7.253  -1.802   4  -4    0 1440
133   3.247   0.238   4  -4    0 1440
134  -8.246  -3.790   3  -3    0 1440
135   0.945  -7.220   4  -4    0 1440
136  -7.448   1.201   5  -5    0 1440
137   0.577  -5.415   6  -6    0 1440
138   6.636  -8.837   3  -3    0 1440
139  -0.886  -6.172   5  -5    0 1440
140   9.616  -3.888   1  -1    0 1440
141  -3.642   5.207   6  -6    0 1440
142   4.535  -8.247   6  -6    0 1440
143   0.839  -0.512   4  -4    0 1440
144   2.805   6.137   5  -5    0 1440
145   9.818   3.813   2  -2    0 1440
146  -2.393  -1.883   1  -1    0 1440
147  -0.080  -6.103   4  -4    0 1440
148  -9.330  -5.560   4  -4    0 1440
149   2.094  -5.518   3  -3    0 1440
150  -2.266  -6.097   1  -1    0 1440
151  -8.764   4.090   3  -3    0 1440
152  -9.928  -9.713   2  -2    0 1440
153   9.819   0.099   2  -2    0 1440
154  -5.837  -2.443   3  -3    0 1440
155   3.030   0.902   6  -6    0 1440
156  -7.250   3.533   6  -6    0 1440
157   6.761   9.319   6  -6    0 1440
158   6.822   9.041   3  -3    0 1440
159   9.347   1.845   3  -3    0 1440
160  -3.776  -9.063   6  -6    0 1440
161   0.000   0.000   0   0    0  600
