8 96 720 6 45
  0   0.000   0.000   0   0    0  720
  1   9.864  -5.934   5   5    0 1440
  2   5.489   0.238   5   5    0 1440
  3   7.014   7.222   1   1    0 1440
  4  -3.730   4.755   3   3    0 1440
  5  -8.345  -5.089   3   3    0 1440
  6   0.163   3.433   5   5    0 1440
  7   0.860   8.509   2   2    0 1440
  8  -4.943   7.935   3   3    0 1440
  9  -7.246  -1.753   5   5    0 1440
 10   5.975   1.800   1   1    0 1440
 11   0.009  -0.217   3   3    0 1440
 12   1.435   5.543   6   6    0 1440
 13  -7.719  -6.837   2   2    0 1440
 14  -9.469  -0.731   2   2    0 1440
 15  -4.169  -9.809   1   1    0 1440
 16   8.490   5.200   6   6    0 1440
 17   3.191   9.692   6   6    0 1440
 18  -0.419  -7.705   1   1    0 1440
 19  -4.175   7.268   3   3    0 1440
 20   8.996  -4.012   4   4    0 1440
 21  -8.199  -7.537   1   1    0 1440
 22   9.017  -2.734   1   1    0 1440
 23   7.174  -4.326   2   2    0 1440
 24  -2.127  -2.675   2   2    0 1440
 25  -1.220   2.892   2   2    0 1440
 26  -6.011   8.042   1   1    0 1440
 27  -4.401   1.420   6   6    0 1440
 28   8.196  -4.960   5   5    0 1440
 29   0.104   9.554   3   3    0 1440
 30   4.622  -0.923   4   4    0 1440
 31   3.735   7.772   2   2    0 1440
 32  -0.087  -8.714   1   1    0 1440
 33   4.773   8.410   2   2    0 1440
 34  -0.804   9.517   4   4    0 1440
 35   3.567  -2.442   5   5    0 1440
 36   5.168   7.904   6   6    0 1440
 37   2.960   0.743   4   4    0 1440
 38   5.508   3.108   2   2    0 1440
 39  -1.055   1.512   1   1    0 1440
 40   7.610  -0.499   6   6    0 1440
 41  -4.095   0.873   3   3    0 1440
 42  -4.666   9.448   5   5    0 1440
 43  -1.096   5.376   2   2    0 1440
 44   9.270   4.898   1   1    0 1440
 45   3.978   4.682   2   2    0 1440
 46  -3.203  -1.510   5   5    0 1440
 47  -2.127   6.305   5   5    0 1440
 48   7.348  -8.920   2   2    0 1440
 49   3.263   8.142   5   5  647  662
 50  -3.833   8.685   5   5   96  111
 51   4.851   3.080   6   6  232  247
 52   9.258  -3.666   5   5   56   71
 53  -3.499  -4.020   2   2  404  419
 54   2.719   7.823   2   2  467  482
 55   0.470  -5.522   4   4  602  617
 56   2.084   8.863   4   4  565  580
 57   2.204  -6.742   2   2  551  566
 58  -9.758  -2.483   6   6  364  379
 59   8.490  -2.166   1   1  421  436
 60   0.475  -6.099   1   1  523  538
 61   3.225  -7.318   6   6  423  438
 62  -0.788  -7.747   4   4  238  253
 63  -0.817   8.707   6   6  586  601
 64  -2.256  -0.458   4   4  401  416
 65  -1.636  -4.711   6   6  249  264
 66  -1.868  -8.101   1   1   46   61
 67  -6.347   3.125   2   2  111  126
 68   3.134   3.871   3   3  349  364
 69  -0.394  -4.205   4   4  571  586
 70   1.329   9.309   5   5  536  551
 71  -5.829  -3.572   4   4  286  301
 72  -2.520  -9.840   1   1  135  150
 73  -6.018   7.224   3   3  232  247
 74  -1.559  -5.385   5   5  586  601
 75   1.551   9.273   2   2  430  445
 76  -2.884   4.955   5   5  253  268
 77  -7.768  -5.950   1   1  208  223
 78  -3.508  -8.258   2   2  296  311
 79   0.763  -4.143   3   3   61   76
 80   3.141  -0.797   3   3  434  449
 81  -4.538  -8.715   3   3  510  525
 82  -1.907   7.158   5   5  641  656
 83   8.471  -4.298   2   2  324  339
 84  -0.790  -7.624   4   4  302  317
 85   6.932  -2.485   5   5  551  566
 86   9.293   3.040   1   1   95  110
 87   6.060   5.001   1   1  313  328
 88   2.657   0.470   1   1  500  515
 89  -1.822   0.626   2   2   48   63
 90   9.723  -4.556   3   3   60   75
 91  -6.042  -6.307   3   3  196  211
 92   9.902   6.330   6   6  621  636
 93  -5.608   9.818   3   3   33   48
 94   0.028   1.412   3   3  557  572
 95  -7.882   9.281   5   5  257  272
 96  -0.601   5.645   5   5  133  148
 97  -5.689  -3.787   5  -5  593  608
 98   0.516   4.678   5  -5  175  190
 99  -4.402  -2.399   1  -1   60   75
100  -2.068   8.446   3  -3  654  669
101   4.747  -3.865   3  -3  346  361
102  -1.077   4.230   5  -5  308  323
103   0.625  -8.903   2  -2  452  467
104  -7.683  -7.721   3  -3   55   70
105   6.188   7.509   5  -5  607  622
106   6.288  -9.114   1  -1   73   88
107   2.586  -6.558   3  -3  207  222
108   7.676  -0.056   6  -6   72   87
109  -6.170  -9.785   2  -2  476  491
110  -1.137  -1.222   2  -2  173  188
111  -7.652   7.631   1  -1  131  146
112   3.242  -1.727   6  -6  111  126
113  -1.881  -1.265   6  -6  654  669
114  -9.656   2.744   1  -1  322  337
115  -8.910   5.094   3  -3  165  180
116   5.699   9.187   4  -4  349  364
117   1.820   7.001   1  -1  676  691
118   3.285   8.709   1  -1  220  235
119   1.600   9.468   2  -2  250  265
120   0.170  -4.860   2  -2  612  627
121  -5.740   4.768   2  -2  250  265
122  -4.752  -3.548   1  -1  643  658
123  -8.734   2.866   6  -6  488  503
124   7.149  -6.130   5  -5  354  369
125  -5.510   7.429   3  -3  203  218
126   8.411  -2.487   4  -4  458  473
127   7.168   1.778   2  -2   45   60
128  -0.781  -8.667   1  -1   86  101
129  -9.720   9.812   2  -2  540  555
130   4.255  -1.250   4  -4  346  361
131  -3.695  -7.356   5  -5   69   84
132  -2.446   2.940   6  -6   95  110
133  -0.756   4.246   4  -4  468  483
134  -4.650   3.918   2  -2  614  629
135   4.359  -1.538   1  -1  150  165
136   6.676  -4.832   6  -6  154  169
137   4.488  -6.190   3  -3  381  396
138  -9.613   6.077   5  -5  375  390
139   0.141  -7.988   2  -2   62   77
140   3.004   0.782   1  -1  639  654
141   9.076  -6.522   2  -2  507  522
142   0.150   7.670   5  -5  570  585
143   9.294  -2.678   5  -5  405  420
144  -5.725   2.724   2  -2  214  229
145  -4.444  -1.840   5  -5    0 1440
146   0.316  -9.151   5  -5    0 1440
147  -9.409  -6.660   6  -6    0 1440
148  -3.866   5.563   5  -5    0 1440
149   0.804  -2.419   2  -2    0 1440
150   6.790   0.861   2  -2    0 1440
151   1.117  -0.845   4  -4    0 1440
152  -3.184  -4.836   4  -4    0 1440
153  -0.586   8.538   2  -2    0 1440
154   1.478  -3.777   6  -6    0 1440
155   1.777   6.313   1  -1    0 1440
156   3.108   4.953   1  -1    0 1440
157   4.347   2.088   6  -6    0 1440
158   1.715   2.469   4  -4    0 1440
159   0.495   6.700   6  -6    0 1440
160   5.207   5.579   4  -4    0 1440
161  -8.006   2.265   6  -6    0 1440
162   0.172   0.814   1  -1    0 1440
163   1.471  -4.095   2  -2    0 1440
164   3.124   1.841   3  -3    0 1440
165   7.568   9.148   4  -4    0 1440
166  -8.490   6.618   5  -5    0 1440
167  -8.093  -3.930   4  -4    0 1440
168   6.374  -9.395   1  -1    0 1440
169   5.413   7.853   3  -3    0 1440
170   6.860   4.236   5  -5    0 1440
171  -2.662   0.860   2  -2    0 1440
172  -1.874   3.544   5  -5    0 1440
173  -8.324  -7.608   1  -1    0 1440
174  -3.737  -6.284   2  -2    0 1440
175   2.558   5.379   3  -3    0 1440
176   8.345   2.414   3  -3    0 1440
177   6.320  -9.583   3  -3    0 1440
178   2.097   2.143   5  -5    0 1440
179  -9.020  -9.787   2  -2    0 1440
180   5.460   5.066   4  -4    0 1440
181  -6.021  -3.865   5  -5    0 1440
182  -8.145  -9.422   1  -1    0 1440
183   0.365   3.218   1  -1    0 1440
184  -9.021   8.359   1  -1    0 1440
185   0.402   0.554   2  -2    0 1440
186  -7.600  -2.762   3  -3    0 1440
187  -2.171   6.997   3  -3    0 1440
188  -5.533   4.903   6  -6    0 1440
189   0.341   4.862   3  -3    0 1440
190   6.878  -9.346   3  -3    0 1440
191  -2.845  -2.438   5  -5    0 1440
192   8.351   3.092   5  -5    0 1440
193   0.000   0.000   0   0    0  720
