10 288 480 6 90
  0   -1.437   -2.034  0  0    0 1440
  1    1.280    0.189 10  1    0 1440
  2    1.821    0.137 10  1    0 1440
  3    5.795   -4.878 10  1    0 1440
  4   -5.243   -8.409 10  1    0 1440
  5    6.080   -3.259 10  1    0 1440
  6    2.315    0.420 10  1    0 1440
  7    2.538    2.299 10  1    0 1440
  8    2.551   -5.298 10  1    0 1440
  9   -4.926   -4.172 10  1    0 1440
 10   -3.756   -4.173 10  1    0 1440
 11   -1.452    4.896 10  1    0 1440
 12    4.123   -2.450 10  1    0 1440
 13   -2.186    0.092 10  1    0 1440
 14   -4.818   -1.628 10  1    0 1440
 15   -0.778    4.435 10  1    0 1440
 16    2.080    1.076 10  1    0 1440
 17   -2.971   -4.633 10  1    0 1440
 18   -2.020   -5.956 10  1    0 1440
 19   -8.708   -5.290 10  1    0 1440
 20    0.305   -0.630 10  1    0 1440
 21    1.187    0.526 10  1    0 1440
 22   -2.407   -5.593 10  1    0 1440
 23   -2.280    0.566 10  1    0 1440
 24   -5.190    0.941 10  1    0 1440
 25    1.273   -4.097 10  1    0 1440
 26   -3.099    0.765 10  1    0 1440
 27    3.751    0.046 10  1    0 1440
 28    0.295   -0.856 10  1    0 1440
 29    0.055    0.364 10  1    0 1440
 30   -5.248    0.971 10  1    0 1440
 31    3.394   -4.872 10  1    0 1440
 32   -1.313   -5.360 10  1    0 1440
 33   -9.959    2.330 10  1    0 1440
 34    0.644   -0.352 10  1    0 1440
 35   -1.403   -1.982 10  1    0 1440
 36   -2.468    1.661 10  1    0 1440
 37   -1.026   -8.177 10  1    0 1440
 38    3.586    0.560 10  1    0 1440
 39   -1.160    4.291 10  1    0 1440
 40   -3.466   -1.547 10  1    0 1440
 41    6.685    0.114 10  1    0 1440
 42    0.687   -0.142 10  1    0 1440
 43    0.166   -0.223 10  1    0 1440
 44    3.756    1.145 10  1    0 1440
 45    5.167   -2.634 10  1    0 1440
 46    1.902   -1.089 10  1    0 1440
 47   -3.798   -0.636 10  1    0 1440
 48   -5.654   -4.233 10  1    0 1440
 49    0.110   -1.462 10  1    0 1440
 50   -5.624   -0.308 10  1    0 1440
 51   -2.367   -1.529 10  1    0 1440
 52   -3.428   -0.141 10  1    0 1440
 53   -6.418    6.381 10  1    0 1440
 54   -4.708   -2.039 10  1    0 1440
 55   -3.371    0.838 10  1    0 1440
 56    3.429    2.603 10  1    0 1440
 57   -3.886    4.211 10  1    0 1440
 58   -9.273    4.489 10  1    0 1440
 59    2.363    2.764 10  1    0 1440
 60   -6.714   -6.708 10  1    0 1440
 61    2.573   -2.584 10  1    0 1440
 62   -4.098   -1.690 10  1    0 1440
 63    7.701   -0.610 10  1    0 1440
 64   -5.481   -0.194 10  1    0 1440
 65   -5.394   -2.966 10  1    0 1440
 66    1.609   -2.789 10  1    0 1440
 67   -5.944    3.649 10  1    0 1440
 68    3.447    2.539 10  1    0 1440
 69   -0.928   -0.669 10  1    0 1440
 70   -8.556   -2.048 10  1    0 1440
 71    2.952    1.835 10  1    0 1440
 72    2.781    0.651 10  1    0 1440
 73    4.215   -2.558 10  1  273  301
 74    8.220    8.583 10  1  100  130
 75   -4.777   -3.559 10  1  461  480
 76    2.202   -2.035 10  1  410  440
 77   -5.576   -3.349 10  1  142  173
 78    6.201   -0.145 10  1   61   77
 79    2.555   -0.380 10  1  403  443
 80   -4.337   -0.738 10  1   76  110
 81    6.030    5.264 10  1  178  213
 82   -9.616    3.410 10  1  250  277
 83   -3.281   -0.385 10  1  383  418
 84   -4.783   -4.520 10  1  154  189
 85   -3.113   -9.385 10  1  224  258
 86   -1.701   -2.186 10  1  291  316
 87   -0.839   -0.226 10  1  217  247
 88    3.583    1.315 10  1  179  220
 89    2.932    5.447 10  1  455  481
 90    4.835   -0.878 10  1  228  269
 91   -0.293    2.704 10  1  288  310
 92   -1.662   -5.539 10  1  239  276
 93   -4.085   -4.774 10  1  390  417
 94   -1.288   -0.204 10  1  389  422
 95   -5.178    0.728 10  1  180  219
 96   -3.292    2.383 10  1  165  197
 97    1.398   -3.452 10  1  272  308
 98   -3.583   -2.383 10  1  479  502
 99    9.186    0.554 10  1  222  243
100   -2.844   -3.418 10  1  456  494
101    3.384    2.788 10  1  424  453
102    9.843    3.135 10  1  110  132
103   -5.775   -2.775 10  1   60   87
104   -4.389    1.301 10  1  112  155
105    3.759    4.977 10  1  389  419
106   -0.369    0.737 10  1  411  435
107   -9.824    6.166 10  1  380  402
108   -2.356   -3.252 10  1   89  120
109    2.298   -1.811 10  1  353  393
110    4.391   -0.298 10  1  124  168
111    7.151    1.165 10  1  345  372
112   -4.301   -3.870 10  1  292  312
113   -8.395    0.218 10  1  104  135
114    1.109   -4.094 10  1  254  283
115    2.717   -1.333 10  1  385  412
116   -8.610   -5.981 10  1  174  208
117   -2.234   -7.828 10  1  438  464
118   -3.873   -3.359 10  1  432  474
119   -0.123   -2.867 10  1  394  409
120    8.133   -4.424 10  1  414  446
121    5.190    1.989 10  1  286  321
122   -3.497   -2.786 10  1  442  466
123   -5.148   -2.325 10  1  458  502
124   -0.065   -4.606 10  1  416  450
125    6.822   -6.699 10  1  411  426
126   -1.515   -2.548 10  1  325  355
127    2.241   -3.438 10  1  230  250
128    3.618   -1.043 10  1  355  385
129   -2.364   -4.768 10  1  369  388
130   -1.472    3.268 10  1   62   92
131    1.682   -1.272 10  1  299  322
132    9.338    2.300 10  1  124  153
133    4.034   -2.418 10  1  342  358
134    0.553   -0.490 10  1  217  246
135   -7.801    0.127 10  1   82  103
136    5.157   -4.567 10  1   81  113
137    4.925   -3.090 10  1  439  482
138   -6.220   -2.140 10  1  435  475
139   -0.505    0.731 10  1  455  492
140    0.173   -7.022 10  1  269  307
141    0.136   -0.356 10  1  373  391
142   -1.552    1.643 10  1  184  203
143   -3.160   -6.094 10  1  192  236
144   -4.700   -5.556 10  1  339  355
145    0.230    0.554 10 -1  128  163
146   -3.033   -0.058 10 -1  297  334
147   -1.682    1.766 10 -1  459  495
148    5.266    2.903 10 -1  147  180
149   -1.199   -8.377 10 -1  378  410
150    4.163    4.305 10 -1   98  137
151    0.851   -0.254 10 -1  397  416
152    3.151   -0.898 10 -1  229  265
153   -0.334   -3.624 10 -1  103  126
154   -2.638    1.378 10 -1  294  310
155    2.843    1.057 10 -1   77   93
156    0.597    2.729 10 -1  406  444
157   -3.213   -4.507 10 -1  139  157
158    3.110   -0.792 10 -1  454  484
159    2.820   -2.975 10 -1  110  143
160   -3.961   -3.359 10 -1  294  317
161   -1.922   -0.513 10 -1  176  194
162   -1.011    6.998 10 -1   67   88
163    2.289   -4.435 10 -1  413  434
164   -3.474    0.058 10 -1  417  450
165   -4.495   -7.773 10 -1  399  442
166   -2.375   -5.601 10 -1  232  265
167    6.907   -9.713 10 -1   96  135
168    1.217   -5.987 10 -1  193  213
169    4.734    1.736 10 -1  107  148
170   -0.471    1.406 10 -1  159  178
171   -5.237   -5.024 10 -1  452  468
172    3.922   -2.977 10 -1  454  472
173   -4.232   -6.060 10 -1  137  178
174    1.914    4.115 10 -1  324  348
175   -5.471   -1.760 10 -1  263  283
176    1.174   -8.317 10 -1  306  343
177   -4.058   -5.325 10 -1  189  222
178   -0.642    2.197 10 -1  475  494
179   -3.127   -3.461 10 -1  407  447
180   -0.367   -2.687 10 -1  375  409
181    1.341   -2.230 10 -1  389  408
182   -9.589   -8.632 10 -1  163  204
183    8.898   -5.339 10 -1  470  501
184   -5.505   -3.254 10 -1   85  102
185    2.785   -1.003 10 -1  246  269
186    4.092   -3.609 10 -1  162  188
187   -5.835    1.581 10 -1  212  232
188   -5.216   -7.472 10 -1  271  302
189   -6.677   -3.494 10 -1   86  104
190   -3.337   -6.202 10 -1  417  448
191   -0.865    3.171 10 -1  193  221
192   -2.617   -5.615 10 -1  188  221
193   -3.987   -5.338 10 -1   77  100
194    7.164   -3.698 10 -1  386  427
195   -9.692    0.841 10 -1  116  146
196   -0.291    3.620 10 -1  272  314
197   -5.325    1.410 10 -1  350  387
198    6.732   -3.973 10 -1  391  426
199   -0.653    1.198 10 -1  194  234
200    1.643    3.322 10 -1  378  415
201   -1.906   -5.692 10 -1  123  138
202    2.519   -2.105 10 -1  119  149
203    3.785   -0.552 10 -1  137  171
204   -1.648    4.866 10 -1   86  108
205    0.234   -1.652 10 -1  386  428
206   -4.862   -1.239 10 -1  393  410
207   -4.262   -5.001 10 -1  208  225
208    1.602    1.117 10 -1  363  389
209   -8.041   -6.058 10 -1  225  255
210   -9.507    4.429 10 -1  172  202
211   -0.689    2.488 10 -1   72  110
212   -0.480    2.167 10 -1  247  283
213    0.704   -4.534 10 -1  281  303
214    3.129   -3.990 10 -1  223  263
215    1.498    2.617 10 -1   97  116
216    3.320   -5.229 10 -1  469  494
217   -5.928    3.967 10 -1    0 1440
218    3.005   -3.682 10 -1    0 1440
219    0.935   -3.904 10 -1    0 1440
220   -1.065    5.443 10 -1    0 1440
221    2.086   -2.647 10 -1    0 1440
222    1.962    1.786 10 -1    0 1440
223   -3.698   -9.295 10 -1    0 1440
224   -0.376    5.987 10 -1    0 1440
225    1.168   -6.334 10 -1    0 1440
226    0.447   -3.613 10 -1    0 1440
227    4.704   -4.125 10 -1    0 1440
228    2.994   -5.871 10 -1    0 1440
229   -7.057   -0.704 10 -1    0 1440
230    5.626    0.182 10 -1    0 1440
231    4.621   -5.352 10 -1    0 1440
232    0.637   -1.426 10 -1    0 1440
233   -3.454   -3.950 10 -1    0 1440
234   -5.054    2.836 10 -1    0 1440
235   -6.144   -1.090 10 -1    0 1440
236   -3.082    1.790 10 -1    0 1440
237    4.966    2.447 10 -1    0 1440
238   -6.978   -4.141 10 -1    0 1440
239   -1.894    5.769 10 -1    0 1440
240   -2.245    1.577 10 -1    0 1440
241   -0.760    3.703 10 -1    0 1440
242    2.744    1.755 10 -1    0 1440
243    4.553   -0.513 10 -1    0 1440
244   -3.355   -2.559 10 -1    0 1440
245   -0.464    5.375 10 -1    0 1440
246   -4.112   -1.336 10 -1    0 1440
247    2.301   -4.570 10 -1    0 1440
248    1.723    0.510 10 -1    0 1440
249   -0.682   -1.987 10 -1    0 1440
250    5.297    5.141 10 -1    0 1440
251   -2.866   -5.094 10 -1    0 1440
252    6.968   -5.152 10 -1    0 1440
253    3.688   -1.737 10 -1    0 1440
254   -1.966    4.204 10 -1    0 1440
255    7.213    6.540 10 -1    0 1440
256   -7.137    5.986 10 -1    0 1440
257    1.832   -3.775 10 -1    0 1440
258    1.812    0.048 10 -1    0 1440
259   -0.111   -3.068 10 -1    0 1440
260   -4.457   -4.405 10 -1    0 1440
261   -2.806   -5.944 10 -1    0 1440
262   -0.795    0.464 10 -1    0 1440
263   -3.737   -2.853 10 -1    0 1440
264    0.439   -3.849 10 -1    0 1440
265   -4.459   -3.533 10 -1    0 1440
266   -5.671   -3.925 10 -1    0 1440
267    1.345   -3.216 10 -1    0 1440
268   -2.034   -1.118 10 -1    0 1440
269    0.344   -5.273 10 -1    0 1440
270    4.058   -5.449 10 -1    0 1440
271    3.195   -2.542 10 -1    0 1440
272   -5.743    3.853 10 -1    0 1440
273    4.751   -4.204 10 -1    0 1440
274   -2.814   -4.161 10 -1    0 1440
275   -0.226   -0.508 10 -1    0 1440
276   -2.717   -2.794 10 -1    0 1440
277   -2.405   -4.719 10 -1    0 1440
278   -7.752   -5.508 10 -1    0 1440
279   -6.204   -4.344 10 -1    0 1440
280   -7.194   -2.016 10 -1    0 1440
281   -6.650   -3.979 10 -1    0 1440
282    1.459    4.844 10 -1    0 1440
283    3.137   -2.946 10 -1    0 1440
284    0.651   -4.612 10 -1    0 1440
285    0.965    3.951 10 -1    0 1440
286    1.604    1.668 10 -1    0 1440
287    0.774   -7.538 10 -1    0 1440
288   -2.717   -0.446 10 -1    0 1440
