3 48 480 6 90
  0   -1.044    2.000  0  0    0 1440
  1   -2.973    6.414 10  1    0 1440
  2   -3.066    0.546 10  1    0 1440
  3    5.164    0.547 10  1    0 1440
  4   -1.317    6.934 10  1    0 1440
  5   -6.741    6.832 10  1    0 1440
  6    4.891    0.627 10  1    0 1440
  7    0.524    2.226 10  1    0 1440
  8   -6.500    7.723 10  1    0 1440
  9   -0.417   -0.157 10  1    0 1440
 10    2.303    1.164 10  1    0 1440
 11    2.548    0.629 10  1    0 1440
 12   -4.261   -2.639 10  1    0 1440
 13   -7.667    9.934 10  1  325  358
 14   -2.067    5.789 10  1  111  152
 15   -5.204    0.657 10  1  395  421
 16   -4.138    5.082 10  1  386  401
 17   -9.194    2.759 10  1   86  114
 18   -6.512    3.021 10  1  409  426
 19    1.860    9.672 10  1  454  470
 20   -4.094    8.321 10  1  175  202
 21   -3.776   -3.333 10  1  416  453
 22    2.377    2.908 10  1  147  177
 23   -4.303    2.045 10  1  471  499
 24   -3.530   -2.490 10  1  321  346
 25   -5.476    1.437 10 -1  258  287
 26   -4.933    3.337 10 -1  329  361
 27    5.740    2.382 10 -1  209  252
 28   -2.275    5.541 10 -1  416  460
 29   -5.662    7.334 10 -1  305  349
 30   -3.856   -0.370 10 -1  432  458
 31   -1.678    1.954 10 -1  202  236
 32   -1.156    1.161 10 -1  225  252
 33   -4.655    9.797 10 -1  102  123
 34    1.623    0.932 10 -1  260  276
 35    0.129    0.735 10 -1  178  215
 36   -2.640    2.953 10 -1  381  397
 37    0.435    1.469 10 -1    0 1440
 38   -5.066   -2.313 10 -1    0 1440
 39   -2.283   -0.981 10 -1    0 1440
 40   -7.110   -1.862 10 -1    0 1440
 41   -0.785    3.207 10 -1    0 1440
 42    1.188   -2.493 10 -1    0 1440
 43   -1.893   -2.373 10 -1    0 1440
 44   -1.192    1.175 10 -1    0 1440
 45    2.984    1.163 10 -1    0 1440
 46    1.227   -5.581 10 -1    0 1440
 47   -3.793   -2.161 10 -1    0 1440
 48    4.288   -0.297 10 -1    0 1440
