7 144 480 6 90
  0   -1.839    0.112  0  0    0 1440
  1   -5.528   -2.437 10  1    0 1440
  2   -4.830    5.331 10  1    0 1440
  3   -4.907   -3.849 10  1    0 1440
  4    2.531   -1.856 10  1    0 1440
  5   -2.447   -0.382 10  1    0 1440
  6    2.459   -1.790 10  1    0 1440
  7   -1.042    6.036 10  1    0 1440
  8    3.818   -3.517 10  1    0 1440
  9   -6.828    9.307 10  1    0 1440
 10   -3.079   -5.734 10  1    0 1440
 11   -3.706   -1.212 10  1    0 1440
 12   -1.574   -4.764 10  1    0 1440
 13   -6.338   -2.292 10  1    0 1440
 14   -4.311   -4.344 10  1    0 1440
 15   -2.562    1.360 10  1    0 1440
 16   -0.263    1.663 10  1    0 1440
 17   -4.158   -2.850 10  1    0 1440
 18    0.208    1.288 10  1    0 1440
 19    0.392   -4.784 10  1    0 1440
 20   -8.329    2.632 10  1    0 1440
 21   -0.646    2.635 10  1    0 1440
 22    0.329    0.673 10  1    0 1440
 23   -3.487    3.043 10  1    0 1440
 24    1.555   -3.627 10  1    0 1440
 25    1.284    0.513 10  1    0 1440
 26   -4.845   -2.443 10  1    0 1440
 27   -8.854   -1.046 10  1    0 1440
 28   -2.977    0.100 10  1    0 1440
 29    0.983    3.842 10  1    0 1440
 30    0.141    9.294 10  1    0 1440
 31   -7.930    1.538 10  1    0 1440
 32   -3.065    4.006 10  1    0 1440
 33    1.893    2.164 10  1    0 1440
 34    4.509   -5.991 10  1    0 1440
 35   -3.495   -0.382 10  1    0 1440
 36    8.120   -7.474 10  1    0 1440
 37    1.559   -2.845 10  1  285  306
 38   -7.219    2.955 10  1  428  464
 39   -4.291   -2.268 10  1  257  299
 40   -7.639   -5.749 10  1  281  300
 41   -2.854    1.207 10  1  472  506
 42   -6.139    2.653 10  1  113  130
 43   -0.847    1.262 10  1  159  188
 44   -6.147    3.339 10  1  316  344
 45   -3.467   -2.759 10  1  471  513
 46    1.031   -1.252 10  1  142  167
 47   -8.301    7.700 10  1  440  469
 48   -4.042    4.999 10  1  377  411
 49    8.383    3.391 10  1  265  292
 50   -2.056   -7.583 10  1  387  402
 51    1.544   -1.872 10  1  185  220
 52   -5.994   -6.580 10  1  171  211
 53    0.515    4.781 10  1  433  452
 54    4.601    1.499 10  1  286  311
 55    8.298   -0.166 10  1   86  102
 56    3.989   -3.892 10  1  277  293
 57    9.084   -8.354 10  1  361  395
 58    0.707    0.007 10  1  112  155
 59    1.896    4.009 10  1  111  148
 60   -8.049    5.821 10  1  236  254
 61    6.446   -6.295 10  1  337  370
 62   -4.362   -2.612 10  1  252  283
 63   -1.841    1.030 10  1  105  126
 64   -4.392    6.325 10  1  146  178
 65    1.135    2.622 10  1  320  364
 66   -0.700    3.824 10  1  317  359
 67    7.408   -3.422 10  1  340  381
 68    1.430   -0.080 10  1  376  407
 69   -9.414   -4.878 10  1   67   90
 70    1.533   -4.217 10  1  445  462
 71   -4.664   -1.646 10  1  210  238
 72   -0.096   -8.100 10  1  114  131
 73   -3.744   -4.251 10 -1   94  116
 74   -0.368   -6.907 10 -1   73   94
 75    3.489   -2.090 10 -1  474  502
 76    4.554    5.141 10 -1  188  222
 77   -3.193    8.824 10 -1   88  125
 78   -1.358   -2.696 10 -1  149  169
 79    1.265   -4.834 10 -1  471  498
 80   -4.618   -3.827 10 -1  383  415
 81   -2.962    3.508 10 -1  231  257
 82    1.370    4.399 10 -1  277  294
 83    3.834   -4.634 10 -1  169  192
 84   -2.623    2.451 10 -1  326  349
 85    9.001   -4.364 10 -1  296  327
 86   -0.700    2.252 10 -1  211  253
 87   -2.999   -2.885 10 -1  475  504
 88   -5.627   -6.474 10 -1  479  496
 89   -8.742    9.080 10 -1  371  386
 90   -0.576    5.403 10 -1  176  212
 91   -3.484   -2.718 10 -1  263  295
 92   -1.648    1.618 10 -1  219  250
 93    2.371    2.949 10 -1  206  238
 94   -4.099    4.659 10 -1  365  389
 95   -5.352   -2.162 10 -1   65   94
 96   -1.756    3.749 10 -1  449  476
 97   -3.731    5.684 10 -1  430  458
 98    7.152    2.251 10 -1  269  288
 99   -4.186    2.771 10 -1  361  379
100    1.482   -8.212 10 -1  236  259
101    3.032   -5.532 10 -1  348  386
102   -3.917    4.800 10 -1  146  181
103   -9.442    1.519 10 -1  173  194
104   -0.781    1.127 10 -1  374  389
105    2.857   -4.991 10 -1  159  174
106   -2.065    2.455 10 -1  372  408
107   -3.096   -1.890 10 -1  316  334
108    0.172   -2.045 10 -1  310  343
109   -3.101   -2.111 10 -1    0 1440
110   -8.572   -2.801 10 -1    0 1440
111    5.883   -6.304 10 -1    0 1440
112   -1.575   -5.269 10 -1    0 1440
113   -7.166    5.118 10 -1    0 1440
114   -9.263   -0.660 10 -1    0 1440
115    3.351   -4.926 10 -1    0 1440
116    5.931    5.409 10 -1    0 1440
117    3.074   -2.844 10 -1    0 1440
118   -5.590    1.846 10 -1    0 1440
119   -8.996   -3.953 10 -1    0 1440
120    3.644    2.082 10 -1    0 1440
121   -5.367   -5.643 10 -1    0 1440
122   -3.187    3.254 10 -1    0 1440
123    0.566    1.276 10 -1    0 1440
124   -5.290    4.280 10 -1    0 1440
125    4.713   -4.546 10 -1    0 1440
126    3.079    0.987 10 -1    0 1440
127   -4.521   -5.629 10 -1    0 1440
128    1.092    1.331 10 -1    0 1440
129   -3.299   -3.400 10 -1    0 1440
130   -4.087    3.058 10 -1    0 1440
131   -6.935    8.041 10 -1    0 1440
132   -5.897   -2.954 10 -1    0 1440
133   -3.685   -3.371 10 -1    0 1440
134   -2.182    6.537 10 -1    0 1440
135    2.298   -4.101 10 -1    0 1440
136   -7.756    5.981 10 -1    0 1440
137   -4.720    6.772 10 -1    0 1440
138   -2.161    3.517 10 -1    0 1440
139   -5.568   -3.138 10 -1    0 1440
140   -8.523    8.879 10 -1    0 1440
141   -0.392   -6.353 10 -1    0 1440
142   -5.856    5.938 10 -1    0 1440
143   -2.454    1.494 10 -1    0 1440
144   -4.878    1.697 10 -1    0 1440
