7 144 480 6 90
  0   -1.839    0.112  0  0    0 1440
  1   -5.528   -2.437 10  1    0 1440
  2   -4.830    5.331 10  1    0 1440
  3   -4.907   -3.849 10  1    0 1440
  4    2.531   -1.856 10  1    0 1440
  5   -2.447   -0.382 10  1    0 1440
  6    2.459   -1.790 10  1    0 1440
  7   -1.042    6.036 10  1    0 1440
  8    3.818   -3.517 10  1    0 1440
  9   -6.828    9.307 10  1    0 1440
 10   -3.079   -5.734 10  1    0 1440
 11   -3.706   -1.212 10  1    0 1440
 12   -1.574   -4.764 10  1    0 1440
 13   -6.338   -2.292 10  1    0 1440
 14   -4.311   -4.344 10  1    0 1440
 15   -2.562    1.360 10  1    0 1440
 16   -0.263    1.663 10  1    0 1440
 17   -4.158   -2.850 10  1    0 1440
 18    0.208    1.288 10  1    0 1440
 19    0.392   -4.784 10  1    0 1440
 20   -8.329    2.632 10  1    0 1440
 21   -0.646    2.635 10  1    0 1440
 22    0.329    0.673 10  1    0 1440
 23   -3.487    3.043 10  1    0 1440
 24    1.555   -3.627 10  1    0 1440
 25    1.284    0.513 10  1    0 1440
 26   -4.845   -2.443 10  1    0 1440
 27   -8.854   -1.046 10  1    0 1440
 28   -2.977    0.100 10  1    0 1440
 29    0.983    3.842 10  1    0 1440
 30    0.141    9.294 10  1    0 1440
 31   -7.930    1.538 10  1    0 1440
 32   -3.065    4.006 10  1    0 1440
 33    1.893    2.164 10  1    0 1440
 34    4.509   -5.991 10  1    0 1440
 35   -3.495   -0.382 10  1    0 1440
 36    8.120   -7.474 10  1    0 1440
 37    1.559   -2.845 10  1  395  469
 38   -7.219    2.955 10  1  187  253
 39   -4.291   -2.268 10  1  456  530
 40   -7.639   -5.749 10  1  266  316
 41   -2.854    1.207 10  1  419  452
 42   -6.139    2.653 10  1  173  206
 43   -0.847    1.262 10  1  321  370
 44   -6.147    3.339 10  1  291  349
 45   -3.467   -2.759 10  1  242  302
 46    1.031   -1.252 10  1  149  194
 47   -8.301    7.700 10  1  249  317
 48   -4.042    4.999 10  1  129  209
 49    8.383    3.391 10  1  333  367
 50   -2.056   -7.583 10  1  241  304
 51    1.544   -1.872 10  1  127  208
 52   -5.994   -6.580 10  1  192  279
 53    0.515    4.781 10  1  315  382
 54    4.601    1.499 10  1  296  359
 55    8.298   -0.166 10  1  211  244
 56    3.989   -3.892 10  1  435  478
 57    9.084   -8.354 10  1  108  147
 58    0.707    0.007 10  1  177  251
 59    1.896    4.009 10  1  268  347
 60   -8.049    5.821 10  1  148  233
 61    6.446   -6.295 10  1  204  259
 62   -4.362   -2.612 10  1  140  217
 63   -1.841    1.030 10  1   85  136
 64   -4.392    6.325 10  1  330  402
 65    1.135    2.622 10  1  238  272
 66   -0.700    3.824 10  1  174  239
 67    7.408   -3.422 10  1  455  520
 68    1.430   -0.080 10  1  289  352
 69   -9.414   -4.878 10  1  146  182
 70    1.533   -4.217 10  1  103  167
 71   -4.664   -1.646 10  1  128  217
 72   -0.096   -8.100 10  1  389  435
 73   -3.744   -4.251 10 -1  127  160
 74   -0.368   -6.907 10 -1   68  137
 75    3.489   -2.090 10 -1  435  478
 76    4.554    5.141 10 -1  307  351
 77   -3.193    8.824 10 -1  335  411
 78   -1.358   -2.696 10 -1   73  146
 79    1.265   -4.834 10 -1  117  187
 80   -4.618   -3.827 10 -1  241  304
 81   -2.962    3.508 10 -1  375  447
 82    1.370    4.399 10 -1  123  194
 83    3.834   -4.634 10 -1  182  253
 84   -2.623    2.451 10 -1  162  221
 85    9.001   -4.364 10 -1  398  448
 86   -0.700    2.252 10 -1   87  175
 87   -2.999   -2.885 10 -1  205  286
 88   -5.627   -6.474 10 -1  164  224
 89   -8.742    9.080 10 -1  444  490
 90   -0.576    5.403 10 -1  129  207
 91   -3.484   -2.718 10 -1  269  344
 92   -1.648    1.618 10 -1   79  118
 93    2.371    2.949 10 -1  284  318
 94   -4.099    4.659 10 -1  426  496
 95   -5.352   -2.162 10 -1  377  425
 96   -1.756    3.749 10 -1  159  219
 97   -3.731    5.684 10 -1   63  116
 98    7.152    2.251 10 -1  144  191
 99   -4.186    2.771 10 -1   96  152
100    1.482   -8.212 10 -1  394  477
101    3.032   -5.532 10 -1  393  474
102   -3.917    4.800 10 -1  422  460
103   -9.442    1.519 10 -1  358  394
104   -0.781    1.127 10 -1  333  400
105    2.857   -4.991 10 -1  220  299
106   -2.065    2.455 10 -1  242  324
107   -3.096   -1.890 10 -1  300  358
108    0.172   -2.045 10 -1  233  294
109   -3.101   -2.111 10 -1    0 1440
110   -8.572   -2.801 10 -1    0 1440
111    5.883   -6.304 10 -1    0 1440
112   -1.575   -5.269 10 -1    0 1440
113   -7.166    5.118 10 -1    0 1440
114   -9.263   -0.660 10 -1    0 1440
115    3.351   -4.926 10 -1    0 1440
116    5.931    5.409 10 -1    0 1440
117    3.074   -2.844 10 -1    0 1440
118   -5.590    1.846 10 -1    0 1440
119   -8.996   -3.953 10 -1    0 1440
120    3.644    2.082 10 -1    0 1440
121   -5.367   -5.643 10 -1    0 1440
122   -3.187    3.254 10 -1    0 1440
123    0.566    1.276 10 -1    0 1440
124   -5.290    4.280 10 -1    0 1440
125    4.713   -4.546 10 -1    0 1440
126    3.079    0.987 10 -1    0 1440
127   -4.521   -5.629 10 -1    0 1440
128    1.092    1.331 10 -1    0 1440
129   -3.299   -3.400 10 -1    0 1440
130   -4.087    3.058 10 -1    0 1440
131   -6.935    8.041 10 -1    0 1440
132   -5.897   -2.954 10 -1    0 1440
133   -3.685   -3.371 10 -1    0 1440
134   -2.182    6.537 10 -1    0 1440
135    2.298   -4.101 10 -1    0 1440
136   -7.756    5.981 10 -1    0 1440
137   -4.720    6.772 10 -1    0 1440
138   -2.161    3.517 10 -1    0 1440
139   -5.568   -3.138 10 -1    0 1440
140   -8.523    8.879 10 -1    0 1440
141   -0.392   -6.353 10 -1    0 1440
142   -5.856    5.938 10 -1    0 1440
143   -2.454    1.494 10 -1    0 1440
144   -4.878    1.697 10 -1    0 1440
