9 192 480 6 90
  0   -1.228    0.916  0  0    0 1440
  1   -4.463   -5.564 10  1    0 1440
  2    3.610    6.494 10  1    0 1440
  3   -2.547    4.458 10  1    0 1440
  4   -3.395   -7.306 10  1    0 1440
  5    4.565    3.573 10  1    0 1440
  6    1.495   -3.672 10  1    0 1440
  7   -0.148    4.720 10  1    0 1440
  8    0.215   -4.091 10  1    0 1440
  9    2.299    0.140 10  1    0 1440
 10   -2.886    0.596 10  1    0 1440
 11   -4.812    9.412 10  1    0 1440
 12    0.724    1.732 10  1    0 1440
 13    0.461    2.705 10  1    0 1440
 14   -1.397    2.820 10  1    0 1440
 15    1.295   -1.169 10  1    0 1440
 16   -3.667    2.310 10  1    0 1440
 17   -0.422   -4.931 10  1    0 1440
 18    0.109   -0.714 10  1    0 1440
 19   -5.696    2.791 10  1    0 1440
 20   -8.099   -7.769 10  1    0 1440
 21    7.226    5.903 10  1    0 1440
 22   -2.166    0.164 10  1    0 1440
 23   -2.015   -6.242 10  1    0 1440
 24   -4.816    0.629 10  1    0 1440
 25   -0.508    6.160 10  1    0 1440
 26    1.714   -4.705 10  1    0 1440
 27   -1.606    0.856 10  1    0 1440
 28    0.668   -2.707 10  1    0 1440
 29    1.503   -3.498 10  1    0 1440
 30    3.795    7.391 10  1    0 1440
 31   -4.120   -4.302 10  1    0 1440
 32    3.254    1.179 10  1    0 1440
 33   -2.031   -2.024 10  1    0 1440
 34   -3.548    1.914 10  1    0 1440
 35    5.804    5.666 10  1    0 1440
 36   -3.669   -0.626 10  1    0 1440
 37    0.045   -4.673 10  1    0 1440
 38   -1.969    3.898 10  1    0 1440
 39   -4.734    2.091 10  1    0 1440
 40   -7.924   -5.768 10  1    0 1440
 41    0.560   -3.408 10  1    0 1440
 42    3.445   -0.829 10  1    0 1440
 43    1.850   -5.115 10  1    0 1440
 44   -0.435   -4.452 10  1    0 1440
 45   -1.415   -7.416 10  1    0 1440
 46    1.987    7.752 10  1    0 1440
 47   -5.008    1.787 10  1    0 1440
 48    4.279   -7.988 10  1    0 1440
 49    0.152   -2.903 10  1  333  367
 50    1.473   -0.344 10  1  241  304
 51   -2.617   -4.900 10  1  127  208
 52   -6.387   -0.527 10  1  192  279
 53   -5.414    0.709 10  1  315  382
 54    1.793   -3.409 10  1  296  359
 55   -9.871    3.455 10  1  211  244
 56    2.880   -0.858 10  1  435  478
 57    0.272    9.059 10  1  108  147
 58   -3.102    4.894 10  1  177  251
 59   -4.655    4.232 10  1  268  347
 60    2.729    5.818 10  1  148  233
 61    2.881   -2.803 10  1  204  259
 62   -2.610    1.133 10  1  140  217
 63    0.054   -2.622 10  1   85  136
 64   -5.046    0.781 10  1  330  402
 65    3.000    1.909 10  1  238  272
 66   -1.260    2.206 10  1  174  239
 67    2.201   -0.864 10  1  455  520
 68    0.894    0.287 10  1  289  352
 69   -1.981    0.092 10  1  146  182
 70   -0.423    3.125 10  1  103  167
 71    1.798   -0.041 10  1  128  217
 72   -0.235    4.294 10  1  389  435
 73   -1.652    6.808 10  1  127  160
 74   -0.119    4.202 10  1   68  137
 75    5.663   -4.402 10  1  435  478
 76    5.748    3.550 10  1  307  351
 77   -2.610    0.748 10  1  335  411
 78    0.749   -5.724 10  1   73  146
 79   -2.209    5.578 10  1  117  187
 80    1.987    3.882 10  1  241  304
 81    0.531    4.922 10  1  375  447
 82    1.515    0.630 10  1  123  194
 83    0.548   -3.150 10  1  182  253
 84    0.796   -2.866 10  1  162  221
 85   -7.581    0.401 10  1  398  448
 86   -4.367   -6.165 10  1   87  175
 87   -0.258   -6.214 10  1  205  286
 88   -1.884   -3.688 10  1  164  224
 89    2.084    2.117 10  1  444  490
 90    0.314   -1.922 10  1  129  207
 91   -2.036    1.888 10  1  269  344
 92   -0.090   -5.494 10  1   79  118
 93   -2.955    0.928 10  1  284  318
 94    0.505   -3.505 10  1  426  496
 95    2.776    4.871 10  1  377  425
 96    1.208   -4.235 10  1  159  219
 97   -5.127    4.114 10 -1   63  116
 98   -2.908    0.429 10 -1  144  191
 99   -1.855   -1.482 10 -1   96  152
100    0.786   -4.945 10 -1  394  477
101   -1.912   -3.209 10 -1  393  474
102    1.765   -5.227 10 -1  422  460
103    1.691   -6.296 10 -1  358  394
104    1.899    0.622 10 -1  333  400
105   -6.888   -6.454 10 -1  220  299
106   -1.336    2.026 10 -1  242  324
107   -4.444    6.372 10 -1  300  358
108   -0.650    7.144 10 -1   75  111
109   -5.198    2.541 10 -1  295  379
110   -0.074    5.949 10 -1  387  435
111   -6.468    8.304 10 -1  150  181
112   -1.127   -3.594 10 -1  406  449
113   -1.686    0.778 10 -1  230  261
114    1.984   -4.981 10 -1  279  338
115   -1.628   -0.294 10 -1  258  307
116    0.836    6.704 10 -1  222  268
117    3.088    2.432 10 -1  135  180
118    9.352   -2.023 10 -1  232  315
119   -0.933   -5.618 10 -1  212  245
120   -3.444   -6.331 10 -1  276  350
121    2.094   -0.565 10 -1  429  516
122   -0.342    8.959 10 -1  322  379
123   -1.874    4.523 10 -1  240  309
124    0.243   -3.052 10 -1  294  383
125   -2.886    5.662 10 -1  300  350
126    7.688   -2.990 10 -1  188  265
127   -9.047    1.028 10 -1  210  247
128   -3.510    4.655 10 -1   64  139
129   -4.840    4.385 10 -1  126  188
130   -4.100    2.670 10 -1  168  235
131    1.370    3.461 10 -1  417  485
132   -7.147    1.145 10 -1  438  469
133   -3.623    5.190 10 -1  436  484
134   -3.947    0.491 10 -1  446  491
135   -1.657    2.377 10 -1  217  273
136    1.075   -2.855 10 -1   60  105
137   -2.303    4.702 10 -1  222  289
138   -0.881    2.122 10 -1  356  435
139   -4.004    2.744 10 -1  181  226
140   -3.744   -4.104 10 -1  399  480
141    4.822    0.009 10 -1  313  349
142   -0.032    6.824 10 -1  332  419
143   -1.429   -3.342 10 -1  163  232
144   -0.144   -3.481 10 -1  401  489
145   -3.445    4.235 10 -1    0 1440
146    0.868   -6.618 10 -1    0 1440
147   -6.125   -5.137 10 -1    0 1440
148   -0.109    0.991 10 -1    0 1440
149   -1.657    6.655 10 -1    0 1440
150    0.844    5.284 10 -1    0 1440
151   -2.203   -3.690 10 -1    0 1440
152    1.577    1.732 10 -1    0 1440
153    0.900   -1.869 10 -1    0 1440
154   -0.458    0.349 10 -1    0 1440
155    0.887    4.066 10 -1    0 1440
156    2.609   -3.397 10 -1    0 1440
157   -3.250    3.953 10 -1    0 1440
158   -3.263   -8.258 10 -1    0 1440
159   -9.849    2.202 10 -1    0 1440
160   -5.905    0.416 10 -1    0 1440
161    0.743   -0.257 10 -1    0 1440
162   -5.960    1.247 10 -1    0 1440
163   -1.122   -3.183 10 -1    0 1440
164   -1.681   -3.504 10 -1    0 1440
165    2.186    1.814 10 -1    0 1440
166    4.504   -6.132 10 -1    0 1440
167   -4.882    2.557 10 -1    0 1440
168   -3.218   -1.674 10 -1    0 1440
169    1.244   -4.149 10 -1    0 1440
170   -2.108   -7.708 10 -1    0 1440
171   -1.782   -1.852 10 -1    0 1440
172    4.833    9.352 10 -1    0 1440
173   -1.868    4.901 10 -1    0 1440
174    1.214    3.004 10 -1    0 1440
175    0.311   -4.030 10 -1    0 1440
176    1.713    3.708 10 -1    0 1440
177    2.258    0.084 10 -1    0 1440
178   -3.043    5.294 10 -1    0 1440
179    3.377   -6.711 10 -1    0 1440
180    0.541    0.153 10 -1    0 1440
181    7.216    3.010 10 -1    0 1440
182   -2.411   -3.462 10 -1    0 1440
183    1.741    7.515 10 -1    0 1440
184    1.064   -6.005 10 -1    0 1440
185   -0.518   -4.900 10 -1    0 1440
186   -1.934    2.112 10 -1    0 1440
187   -4.680   -1.466 10 -1    0 1440
188   -1.678    4.344 10 -1    0 1440
189    1.409   -1.361 10 -1    0 1440
190   -2.106    2.602 10 -1    0 1440
191    3.981   -4.067 10 -1    0 1440
192    5.206    3.033 10 -1    0 1440
