11 240 480 6 90
  0    0.868   -1.044  0  0    0 1440
  1    6.599   -4.983 10  1    0 1440
  2   -3.694   -3.674 10  1    0 1440
  3   -0.273    1.877 10  1    0 1440
  4    3.112   -3.591 10  1    0 1440
  5    0.279    0.801 10  1    0 1440
  6    3.115    4.367 10  1    0 1440
  7   -3.630   -2.131 10  1    0 1440
  8    5.281    3.505 10  1    0 1440
  9    1.127    2.066 10  1    0 1440
 10   -0.062    2.311 10  1    0 1440
 11    4.309   -1.236 10  1    0 1440
 12    0.685    1.907 10  1    0 1440
 13   -0.685    2.532 10  1    0 1440
 14   -2.793   -2.371 10  1    0 1440
 15    3.324   -3.049 10  1    0 1440
 16    6.388   -5.288 10  1    0 1440
 17   -1.367   -4.394 10  1    0 1440
 18   -0.065   -2.750 10  1    0 1440
 19    5.941   -4.926 10  1    0 1440
 20    2.717   -0.571 10  1    0 1440
 21    7.000   -2.084 10  1    0 1440
 22    3.533   -6.517 10  1    0 1440
 23   -1.439   -4.224 10  1    0 1440
 24    1.937    3.027 10  1    0 1440
 25   -3.979    1.010 10  1    0 1440
 26   -1.575   -4.020 10  1    0 1440
 27   -2.842   -4.050 10  1    0 1440
 28    2.708    0.973 10  1    0 1440
 29    2.220   -0.922 10  1    0 1440
 30   -0.083   -0.653 10  1    0 1440
 31    1.022    7.553 10  1    0 1440
 32    0.745    1.850 10  1    0 1440
 33    4.891   -2.029 10  1    0 1440
 34   -1.896   -2.968 10  1    0 1440
 35    1.682   -0.666 10  1    0 1440
 36    0.251   -3.042 10  1    0 1440
 37    1.542    0.491 10  1    0 1440
 38    6.031    8.980 10  1    0 1440
 39    4.040   -4.537 10  1    0 1440
 40   -2.684   -5.427 10  1    0 1440
 41    6.917    7.258 10  1    0 1440
 42   -2.282    4.617 10  1    0 1440
 43   -1.426   -3.025 10  1    0 1440
 44    7.605    1.207 10  1    0 1440
 45    6.304    6.002 10  1    0 1440
 46   -2.024   -8.197 10  1    0 1440
 47   -4.117   -4.202 10  1    0 1440
 48    7.920   -2.902 10  1    0 1440
 49   -2.073   -0.707 10  1    0 1440
 50   -0.416   -5.350 10  1    0 1440
 51    3.959   -4.046 10  1    0 1440
 52   -4.713   -7.785 10  1    0 1440
 53   -0.123    4.918 10  1    0 1440
 54   -0.037   -2.726 10  1    0 1440
 55    3.154   -0.872 10  1    0 1440
 56   -0.013   -2.026 10  1    0 1440
 57    6.639   -2.669 10  1    0 1440
 58    0.610   -6.409 10  1    0 1440
 59    1.354   -2.087 10  1    0 1440
 60    5.421   -0.654 10  1    0 1440
 61    2.205   -3.414 10  1  439  465
 62   -0.972    0.471 10  1  220  241
 63   -1.158   -4.686 10  1  159  176
 64   -0.290   -0.030 10  1  161  188
 65    1.384   -4.445 10  1   87  118
 66    1.748    2.775 10  1  396  416
 67    0.297   -4.369 10  1  178  197
 68   -4.435   -3.820 10  1  275  309
 69   -5.940    0.151 10  1  198  222
 70   -1.345   -7.553 10  1  148  171
 71   -0.552   -5.195 10  1  169  193
 72   -0.959   -2.688 10  1  209  238
 73    1.932    2.950 10  1  449  467
 74    2.625    3.674 10  1  250  290
 75    4.371   -2.803 10  1  207  230
 76   -5.203   -3.534 10  1  308  330
 77   -0.844   -0.012 10  1  339  383
 78    8.911    6.212 10  1  261  303
 79    0.607   -1.613 10  1   81  117
 80    2.709   -0.510 10  1  197  215
 81    2.753   -1.534 10  1  177  195
 82    4.251    3.206 10  1  192  223
 83    2.531    1.269 10  1  176  215
 84    4.778   -1.277 10  1  146  179
 85   -0.314   -1.384 10  1  119  146
 86    1.248   -7.810 10  1  432  459
 87   -2.104   -0.343 10  1  361  383
 88   -0.315   -5.543 10  1  425  459
 89    5.301    8.490 10  1  208  232
 90    3.564   -4.755 10  1  274  310
 91    4.343   -1.844 10  1  311  329
 92    0.660   -5.458 10  1  464  486
 93    8.795    9.401 10  1   92  120
 94    3.910   -4.874 10  1  130  148
 95   -4.834   -2.648 10  1  129  158
 96    7.200   -0.925 10  1  163  191
 97   -3.773    0.335 10  1  321  352
 98   -6.597   -3.675 10  1   62  103
 99   -1.667   -3.528 10  1  223  244
100    1.074   -0.467 10  1  272  302
101    1.559   -0.582 10  1  323  349
102    2.161   -1.811 10  1  451  476
103    0.978    4.928 10  1  326  365
104    9.415   -0.449 10  1  476  520
105    1.038   -1.630 10  1  114  144
106   -0.145   -0.086 10  1  350  386
107   -0.622    2.530 10  1  313  347
108   -0.625    1.022 10  1  477  512
109   -1.744   -7.080 10  1  100  119
110   -5.509   -4.385 10  1  401  423
111   -0.944    2.372 10  1  336  352
112    0.898    3.541 10  1  356  379
113   -1.675   -0.081 10  1  320  356
114    6.685   -3.784 10  1  135  150
115    1.472   -2.372 10  1  448  483
116    3.347    2.003 10  1  287  318
117    6.639   -7.011 10  1   91  120
118   -0.566    0.888 10  1  436  472
119   -0.510   -4.673 10  1  176  217
120   -0.883    5.574 10  1  352  379
121    0.585   -0.319 10 -1  223  249
122   -2.573   -3.769 10 -1  117  161
123   -1.536   -2.455 10 -1   78   96
124    4.379   -1.110 10 -1  344  363
125    1.766   -2.560 10 -1  182  211
126   -3.962    5.488 10 -1  229  272
127   -2.455   -4.322 10 -1  290  308
128   -2.689   -1.274 10 -1  156  176
129    3.416   -3.846 10 -1  405  432
130   -4.731   -2.947 10 -1  134  171
131    4.937   -2.559 10 -1   99  135
132    0.370   -1.645 10 -1  185  205
133    2.243   -2.327 10 -1  140  160
134   -3.755   -2.961 10 -1  429  458
135    2.555    0.367 10 -1   95  127
136   -1.522    0.328 10 -1  427  456
137   -1.294   -0.750 10 -1  465  480
138   -2.211    2.643 10 -1  256  271
139   -1.794    0.773 10 -1  119  138
140   -2.123    1.449 10 -1  123  151
141    0.350   -1.971 10 -1  326  357
142    3.260   -1.494 10 -1  220  240
143   -0.574   -2.830 10 -1  339  372
144   -0.613   -3.962 10 -1  207  236
145   -0.246    1.282 10 -1   69   99
146   -0.647    0.847 10 -1  159  177
147   -3.789   -3.612 10 -1  164  195
148    1.085   -1.875 10 -1  179  207
149    5.010    0.864 10 -1  367  386
150    4.684    0.471 10 -1  442  481
151    1.960   -1.041 10 -1  371  409
152   -3.895    5.294 10 -1  182  218
153   -0.064   -2.129 10 -1  395  432
154    4.091   -3.377 10 -1  361  404
155   -0.057   -6.230 10 -1  440  481
156   -0.978    2.679 10 -1  216  247
157    3.426   -2.389 10 -1  237  274
158    2.957   -2.456 10 -1  363  380
159    1.638   -5.889 10 -1  215  232
160    6.188   -1.517 10 -1  303  329
161    4.009   -0.963 10 -1  313  352
162    0.012   -0.464 10 -1  272  312
163   -0.893   -4.390 10 -1  208  246
164   -0.714   -5.743 10 -1  182  199
165    0.755   -2.121 10 -1  462  483
166    0.395    0.730 10 -1  439  474
167   -1.512    9.202 10 -1  474  494
168    8.482   -2.452 10 -1  230  268
169   -5.232    3.068 10 -1  461  479
170    0.754    1.382 10 -1  364  404
171   -2.148    3.036 10 -1  476  493
172    3.605    2.988 10 -1  227  254
173    1.278   -4.094 10 -1  418  436
174   -1.729   -1.025 10 -1  272  293
175   -1.054    1.240 10 -1  141  158
176   -1.585   -5.946 10 -1  318  356
177    2.927   -0.222 10 -1  439  457
178   -1.260   -5.893 10 -1  332  354
179   -1.730   -3.530 10 -1  444  487
180    5.705   -5.035 10 -1  281  313
181    2.694    1.744 10 -1    0 1440
182   -0.620   -0.888 10 -1    0 1440
183    1.698   -1.632 10 -1    0 1440
184    8.371   -3.252 10 -1    0 1440
185    1.245    3.459 10 -1    0 1440
186    1.506    6.700 10 -1    0 1440
187    2.582   -0.584 10 -1    0 1440
188    1.367   -1.483 10 -1    0 1440
189    4.832   -0.516 10 -1    0 1440
190    1.349    1.974 10 -1    0 1440
191   -1.851    6.540 10 -1    0 1440
192    1.755    3.838 10 -1    0 1440
193    3.777   -1.600 10 -1    0 1440
194    4.797   -3.031 10 -1    0 1440
195    3.881    3.624 10 -1    0 1440
196   -1.609   -4.284 10 -1    0 1440
197    2.866   -0.199 10 -1    0 1440
198   -0.586   -0.186 10 -1    0 1440
199    6.052    6.342 10 -1    0 1440
200    6.320   -4.777 10 -1    0 1440
201   -1.531   -2.329 10 -1    0 1440
202   -0.287    0.079 10 -1    0 1440
203    3.206   -1.018 10 -1    0 1440
204   -1.863   -2.567 10 -1    0 1440
205   -0.363    2.543 10 -1    0 1440
206    1.048    2.289 10 -1    0 1440
207    0.182   -0.301 10 -1    0 1440
208   -2.527   -1.218 10 -1    0 1440
209    5.693   -7.551 10 -1    0 1440
210    1.389   -3.623 10 -1    0 1440
211    3.252   -2.952 10 -1    0 1440
212    0.480   -0.729 10 -1    0 1440
213    1.137   -0.834 10 -1    0 1440
214    1.713   -2.465 10 -1    0 1440
215   -3.366   -4.124 10 -1    0 1440
216   -3.239   -5.088 10 -1    0 1440
217    2.304   -1.450 10 -1    0 1440
218   -2.186   -3.950 10 -1    0 1440
219    3.201    7.733 10 -1    0 1440
220    1.383   -7.619 10 -1    0 1440
221   -0.805   -2.118 10 -1    0 1440
222    2.539    4.661 10 -1    0 1440
223    4.954   -5.464 10 -1    0 1440
224    6.342   -0.864 10 -1    0 1440
225    0.230   -0.554 10 -1    0 1440
226    5.242    2.990 10 -1    0 1440
227    0.930   -1.625 10 -1    0 1440
228    3.484   -9.619 10 -1    0 1440
229   -2.106   -4.150 10 -1    0 1440
230    2.845    1.024 10 -1    0 1440
231    1.625   -2.258 10 -1    0 1440
232   -3.664   -3.403 10 -1    0 1440
233   -2.736   -5.018 10 -1    0 1440
234   -5.370    1.133 10 -1    0 1440
235    2.628   -0.599 10 -1    0 1440
236   -3.152    3.459 10 -1    0 1440
237   -1.461   -3.151 10 -1    0 1440
238   -0.424   -3.087 10 -1    0 1440
239   -1.852   -2.949 10 -1    0 1440
240   -1.713   -1.940 10 -1    0 1440
