13 288 480 6 90
  0   -0.268   -0.947  0  0    0 1440
  1   -6.617   -3.781 10  1    0 1440
  2    0.267   -3.522 10  1    0 1440
  3    3.875    0.862 10  1    0 1440
  4    6.265    2.067 10  1    0 1440
  5    6.097   -0.611 10  1    0 1440
  6   -9.854   -3.953 10  1    0 1440
  7    0.841   -8.127 10  1    0 1440
  8   -1.457    2.606 10  1    0 1440
  9   -3.419   -7.670 10  1    0 1440
 10    5.514   -3.391 10  1    0 1440
 11    1.587    0.872 10  1    0 1440
 12   -6.342   -2.028 10  1    0 1440
 13   -0.936   -4.221 10  1    0 1440
 14   -5.362    0.373 10  1    0 1440
 15    5.349   -0.331 10  1    0 1440
 16   -2.261   -3.279 10  1    0 1440
 17    3.961   -0.155 10  1    0 1440
 18    1.670   -2.275 10  1    0 1440
 19   -5.124   -1.376 10  1    0 1440
 20   -2.991    1.438 10  1    0 1440
 21   -7.044   -2.791 10  1    0 1440
 22   -7.539   -3.081 10  1    0 1440
 23    1.059   -2.893 10  1    0 1440
 24    8.634   -4.594 10  1    0 1440
 25    0.386    3.458 10  1    0 1440
 26   -3.760   -4.211 10  1    0 1440
 27    6.944    0.138 10  1    0 1440
 28   -1.382    0.125 10  1    0 1440
 29   -2.712   -3.804 10  1    0 1440
 30   -6.935   -1.473 10  1    0 1440
 31    5.857    2.935 10  1    0 1440
 32    5.810    3.170 10  1    0 1440
 33   -6.225   -1.643 10  1    0 1440
 34   -6.638    1.359 10  1    0 1440
 35    6.803   -1.248 10  1    0 1440
 36   -3.070   -4.168 10  1    0 1440
 37   -5.539   -5.105 10  1    0 1440
 38    3.624   -0.265 10  1    0 1440
 39   -0.122    0.559 10  1    0 1440
 40    1.028   -2.395 10  1    0 1440
 41   -0.716    3.686 10  1    0 1440
 42   -9.020    6.117 10  1    0 1440
 43    4.637    6.508 10  1    0 1440
 44    1.335    3.137 10  1    0 1440
 45   -7.357   -2.884 10  1    0 1440
 46   -4.153   -3.710 10  1    0 1440
 47   -6.094   -2.725 10  1    0 1440
 48    3.831    5.438 10  1    0 1440
 49    2.631    1.198 10  1    0 1440
 50    1.030   -4.835 10  1    0 1440
 51    5.242   -2.836 10  1    0 1440
 52   -4.376   -3.934 10  1    0 1440
 53    4.932    1.139 10  1    0 1440
 54    4.559    0.435 10  1    0 1440
 55   -2.599   -1.581 10  1    0 1440
 56    6.525   -5.963 10  1    0 1440
 57    1.211   -3.439 10  1    0 1440
 58    1.239   -1.625 10  1    0 1440
 59    0.053    6.961 10  1    0 1440
 60   -0.868    0.777 10  1    0 1440
 61    4.147   -3.502 10  1    0 1440
 62    1.186   -3.497 10  1    0 1440
 63   -0.131   -5.806 10  1    0 1440
 64    0.602   -3.102 10  1    0 1440
 65    0.179   -3.254 10  1    0 1440
 66    2.927   -0.649 10  1    0 1440
 67    2.395    1.074 10  1    0 1440
 68   -6.589    4.091 10  1    0 1440
 69   -1.010    2.626 10  1    0 1440
 70    5.809    6.735 10  1    0 1440
 71    9.002    0.948 10  1    0 1440
 72   -0.662    1.522 10  1    0 1440
 73   -0.287   -4.284 10  1  342  417
 74   -3.771   -0.731 10  1  121  155
 75    4.417   -1.122 10  1  299  374
 76   -5.870   -0.281 10  1  295  328
 77   -0.391    1.007 10  1  309  381
 78   -4.137   -0.150 10  1  191  230
 79    5.818    2.756 10  1  132  203
 80   -6.386    2.615 10  1  199  284
 81   -5.679   -1.592 10  1  349  396
 82    2.222   -2.751 10  1   69  104
 83   -0.103   -1.484 10  1  380  411
 84   -5.770   -1.048 10  1   69  143
 85    8.085    0.630 10  1  231  307
 86    0.289    1.082 10  1  219  257
 87   -3.739   -0.780 10  1  156  206
 88   -3.360   -2.674 10  1  438  522
 89    9.520    2.423 10  1   95  127
 90   -1.390    2.933 10  1  468  537
 91   -5.346    0.930 10  1  399  460
 92    6.758    1.301 10  1  361  415
 93   -8.388   -5.327 10  1  159  190
 94    3.026   -7.243 10  1  293  347
 95   -2.233   -2.054 10  1  364  447
 96    0.374   -3.546 10  1  196  250
 97   -2.009   -4.398 10  1  133  183
 98   -4.769   -2.110 10  1  269  355
 99   -2.045   -1.385 10  1  213  274
100    3.452    0.397 10  1  345  421
101    2.051   -1.188 10  1  182  215
102   -4.604   -2.256 10  1  444  505
103   -3.963    2.538 10  1  225  303
104   -0.102    5.043 10  1  239  297
105   -2.863    2.349 10  1  422  475
106   -5.300   -1.625 10  1  115  185
107   -0.335   -2.295 10  1  451  532
108   -6.264   -2.635 10  1   89  129
109    2.540    0.053 10  1  431  498
110   -2.990    7.292 10  1  302  368
111    2.663    0.197 10  1  276  360
112   -0.981    3.500 10  1   69  140
113   -0.776   -4.243 10  1  164  225
114    2.892   -0.712 10  1  324  390
115    4.769    3.611 10  1   79  127
116   -5.317    0.521 10  1  222  272
117    1.756    1.321 10  1  214  262
118    0.684   -0.250 10  1  422  497
119   -1.732    9.726 10  1  109  156
120    2.241    2.653 10  1  161  249
121   -7.309   -1.325 10  1  349  401
122   -6.500   -0.458 10  1  333  400
123   -3.491   -4.390 10  1  155  228
124   -9.235   -0.452 10  1  391  427
125    0.065   -0.850 10  1  207  258
126    0.505   -3.732 10  1  362  443
127   -1.908   -1.418 10  1  172  246
128   -7.170   -1.145 10  1  294  355
129   -4.558   -2.872 10  1  171  212
130   -2.835   -2.391 10  1  114  162
131   -1.649    3.092 10  1  268  329
132   -8.342   -2.093 10  1  333  414
133   -1.205   -2.061 10  1  404  464
134   -0.718   -6.372 10  1  323  409
135    3.455   -0.888 10  1  397  479
136   -0.487    7.369 10  1  445  504
137   -3.601   -0.388 10  1  162  226
138   -2.840   -2.182 10  1  107  165
139   -5.628   -1.511 10  1  183  267
140   -1.102    4.215 10  1  304  372
141   -6.309   -6.257 10  1  171  219
142    2.949    7.994 10  1  274  335
143   -6.567   -0.024 10  1   78  112
144    4.613   -2.042 10  1   80  128
145    0.158   -1.636 10 -1  166  206
146    4.028   -0.138 10 -1  321  395
147   -1.527    4.225 10 -1  352  398
148    3.322   -1.661 10 -1  317  378
149   -7.239    1.307 10 -1  391  435
150   -2.449    0.527 10 -1  250  315
151   -0.660   -3.096 10 -1  106  158
152    3.129    2.133 10 -1   95  146
153    2.056    0.038 10 -1  456  497
154   -6.720   -4.134 10 -1  407  451
155    2.217   -4.037 10 -1  100  154
156    3.116    0.222 10 -1  430  481
157    7.463    3.022 10 -1  357  410
158    6.070    8.112 10 -1  435  510
159   -6.074    2.413 10 -1  252  338
160    0.198    1.752 10 -1   86  158
161   -8.057   -3.820 10 -1  111  182
162   -4.993   -3.671 10 -1  254  333
163   -6.045   -2.782 10 -1  463  497
164   -7.875   -4.423 10 -1  201  275
165    5.426   -0.926 10 -1  194  271
166   -4.206   -2.664 10 -1  203  258
167   -5.734   -1.672 10 -1  128  183
168   -0.128   -1.333 10 -1  390  426
169   -2.416    3.920 10 -1  320  386
170    1.791   -4.044 10 -1  204  276
171    5.983   -0.367 10 -1   69  112
172   -0.351    0.626 10 -1   92  165
173    4.017    0.859 10 -1  319  407
174   -0.169   -5.438 10 -1  263  297
175   -3.603   -1.707 10 -1  443  505
176    0.728   -0.414 10 -1  391  423
177    3.022   -0.683 10 -1  157  202
178   -2.638   -6.306 10 -1  419  460
179    2.877   -0.003 10 -1  198  239
180    0.263    0.507 10 -1  454  522
181    0.360   -2.160 10 -1  472  518
182   -6.495   -1.096 10 -1   93  131
183    1.867   -4.101 10 -1  355  437
184    2.929    1.280 10 -1  166  215
185    0.453    2.665 10 -1  261  326
186    2.536    2.972 10 -1   76  136
187    5.735   -1.540 10 -1  405  442
188   -1.157   -1.901 10 -1  157  213
189   -4.544   -7.181 10 -1   96  168
190    0.220   -0.356 10 -1  276  306
191   -0.185   -2.448 10 -1  170  218
192   -5.985   -4.894 10 -1   75  134
193    7.008   -1.782 10 -1  294  377
194   -0.493    2.875 10 -1  347  430
195   -4.662   -2.353 10 -1   94  161
196   -4.987   -3.534 10 -1  285  318
197   -6.750    0.814 10 -1  439  506
198    3.119   -1.824 10 -1  148  214
199   -4.214   -5.270 10 -1  263  320
200   -1.509    1.893 10 -1  452  539
201   -7.862   -2.434 10 -1   85  173
202    5.147   -0.961 10 -1  256  339
203    2.999   -3.106 10 -1   98  169
204    4.674    0.145 10 -1  195  235
205   -5.295    3.174 10 -1  234  314
206    1.054   -6.143 10 -1  135  205
207   -1.595   -5.601 10 -1  120  163
208   -0.778   -5.473 10 -1  132  204
209    1.105   -2.091 10 -1  105  186
210   -2.436   -2.305 10 -1  308  349
211    0.295   -2.040 10 -1  262  299
212   -8.265    2.432 10 -1  166  219
213   -1.213    4.207 10 -1  374  431
214   -9.803   -3.636 10 -1  478  521
215   -6.110   -1.348 10 -1  449  534
216   -3.914    0.629 10 -1   97  155
217    4.118    0.797 10 -1    0 1440
218    0.425    1.983 10 -1    0 1440
219   -3.414   -3.792 10 -1    0 1440
220   -0.456    2.357 10 -1    0 1440
221    3.789   -0.195 10 -1    0 1440
222    7.826    1.594 10 -1    0 1440
223   -0.866   -2.511 10 -1    0 1440
224    1.007    3.716 10 -1    0 1440
225   -4.262   -4.699 10 -1    0 1440
226    9.216   -9.418 10 -1    0 1440
227    3.220   -3.984 10 -1    0 1440
228   -5.523   -1.503 10 -1    0 1440
229   -2.675   -2.149 10 -1    0 1440
230   -7.551   -0.071 10 -1    0 1440
231    3.402    1.266 10 -1    0 1440
232   -0.264   -2.083 10 -1    0 1440
233    5.337    1.377 10 -1    0 1440
234   -1.495   -4.026 10 -1    0 1440
235    6.783    0.575 10 -1    0 1440
236   -1.322   -2.603 10 -1    0 1440
237    0.417   -3.262 10 -1    0 1440
238   -2.605   -3.331 10 -1    0 1440
239    3.196   -4.570 10 -1    0 1440
240    9.682    2.621 10 -1    0 1440
241   -4.470   -3.785 10 -1    0 1440
242    3.342    1.179 10 -1    0 1440
243   -3.519    1.923 10 -1    0 1440
244   -1.423   -7.499 10 -1    0 1440
245    3.716   -0.084 10 -1    0 1440
246   -5.170   -2.645 10 -1    0 1440
247    2.353    0.590 10 -1    0 1440
248   -1.843    5.371 10 -1    0 1440
249   -1.134   -1.762 10 -1    0 1440
250   -0.781   -3.590 10 -1    0 1440
251    0.352    2.694 10 -1    0 1440
252   -4.659   -2.227 10 -1    0 1440
253   -0.300   -0.055 10 -1    0 1440
254    3.215    1.715 10 -1    0 1440
255    3.202    1.301 10 -1    0 1440
256   -0.663    2.989 10 -1    0 1440
257    7.778   -2.540 10 -1    0 1440
258    3.071    6.570 10 -1    0 1440
259   -4.381   -4.304 10 -1    0 1440
260    4.956    1.683 10 -1    0 1440
261   -2.893   -0.044 10 -1    0 1440
262    4.036    1.638 10 -1    0 1440
263    2.275    4.067 10 -1    0 1440
264   -0.147    0.657 10 -1    0 1440
265   -0.119    1.686 10 -1    0 1440
266    0.803    4.182 10 -1    0 1440
267   -4.402   -2.278 10 -1    0 1440
268    1.237   -1.135 10 -1    0 1440
269    3.328    1.588 10 -1    0 1440
270   -3.479   -1.504 10 -1    0 1440
271   -9.686   -1.939 10 -1    0 1440
272    3.843   -0.535 10 -1    0 1440
273   -2.539    0.022 10 -1    0 1440
274    0.085   -3.186 10 -1    0 1440
275   -2.402    9.569 10 -1    0 1440
276   -0.427    3.547 10 -1    0 1440
277   -0.693    0.185 10 -1    0 1440
278   -7.095   -0.322 10 -1    0 1440
279   -3.265   -1.652 10 -1    0 1440
280    4.286   -2.168 10 -1    0 1440
281    0.518    0.640 10 -1    0 1440
282    3.692   -0.499 10 -1    0 1440
283    4.959    2.778 10 -1    0 1440
284    4.504    1.079 10 -1    0 1440
285    0.769    1.406 10 -1    0 1440
286   -6.091    1.864 10 -1    0 1440
287   -6.450    0.892 10 -1    0 1440
288    3.716   -1.499 10 -1    0 1440
