4 72 480 6 90
  0    1.063    0.933  0  0    0 1440
  1   -9.270   -5.918 10  1    0 1440
  2    7.118    1.254 10  1    0 1440
  3    3.154    6.664 10  1    0 1440
  4   -0.469    2.554 10  1    0 1440
  5   -3.019    6.777 10  1    0 1440
  6    1.268   -5.747 10  1    0 1440
  7   -3.235   -2.097 10  1    0 1440
  8    1.991    4.897 10  1    0 1440
  9    1.320   -1.914 10  1    0 1440
 10    5.488   -4.117 10  1    0 1440
 11    1.506   -2.517 10  1    0 1440
 12   -5.060   -1.642 10  1    0 1440
 13   -2.973    1.708 10  1    0 1440
 14    1.754    0.158 10  1    0 1440
 15    1.113    7.722 10  1    0 1440
 16    3.375    7.126 10  1    0 1440
 17   -5.601   -1.039 10  1    0 1440
 18    5.787   -1.629 10  1    0 1440
 19    1.072   -1.879 10  1  200  227
 20    5.309   -1.875 10  1  248  269
 21    0.157    0.753 10  1  108  124
 22    3.153    4.894 10  1  249  279
 23   -6.683   -3.785 10  1  261  304
 24   -7.074    6.224 10  1  161  182
 25    3.254    2.310 10  1  225  254
 26   -5.145   -3.644 10  1  464  488
 27    3.646   -2.264 10  1  131  149
 28   -3.121    4.349 10  1  121  144
 29   -1.039    3.449 10  1  223  256
 30    1.472   -1.083 10  1  283  321
 31    4.710   -2.139 10  1  425  467
 32    4.378    3.477 10  1  116  138
 33    5.355   -6.749 10  1  361  385
 34    2.680    4.652 10  1  454  470
 35    6.338    1.198 10  1  365  391
 36    4.719   -0.547 10  1  179  219
 37   -1.632   -1.127 10 -1  249  286
 38    7.890    1.765 10 -1  208  250
 39    7.982    2.227 10 -1  353  385
 40    1.288    1.692 10 -1  127  144
 41   -6.798   -0.375 10 -1   98  116
 42    0.920   -1.860 10 -1  227  249
 43   -3.595   -1.914 10 -1  166  197
 44    2.877    4.528 10 -1  283  317
 45    1.147    6.823 10 -1  124  140
 46   -2.276    4.550 10 -1  236  251
 47   -6.567   -2.312 10 -1  474  505
 48    0.724    0.160 10 -1  174  210
 49   -2.978   -1.129 10 -1  420  441
 50   -8.905    1.621 10 -1  378  410
 51   -4.689   -0.336 10 -1  312  328
 52   -1.497    3.062 10 -1  240  256
 53   -1.704    4.977 10 -1  387  425
 54    3.163    5.362 10 -1  357  400
 55   -0.358    1.334 10 -1    0 1440
 56    3.301    5.896 10 -1    0 1440
 57   -9.295    6.326 10 -1    0 1440
 58   -0.914   -2.293 10 -1    0 1440
 59   -3.996    0.620 10 -1    0 1440
 60    2.843   -1.921 10 -1    0 1440
 61   -2.854   -0.348 10 -1    0 1440
 62    3.141    3.686 10 -1    0 1440
 63   -4.943    6.060 10 -1    0 1440
 64   -7.283   -2.776 10 -1    0 1440
 65    6.008   -4.591 10 -1    0 1440
 66    1.087   -0.390 10 -1    0 1440
 67    2.512    0.767 10 -1    0 1440
 68   -4.700   -1.747 10 -1    0 1440
 69    1.606    3.302 10 -1    0 1440
 70    2.541   -1.170 10 -1    0 1440
 71    6.832   -0.514 10 -1    0 1440
 72   -1.310    6.216 10 -1    0 1440
