6 144 480 6 90
  0   -1.217   -0.009  0  0    0 1440
  1   -4.029   -4.230 10  1    0 1440
  2   -6.471   -1.739 10  1    0 1440
  3    0.506   -1.435 10  1    0 1440
  4    7.210    2.023 10  1    0 1440
  5    0.259   -1.500 10  1    0 1440
  6   -2.418   -7.289 10  1    0 1440
  7   -1.319    6.650 10  1    0 1440
  8    3.319    1.369 10  1    0 1440
  9    6.683   -3.055 10  1    0 1440
 10    1.993    3.588 10  1    0 1440
 11   -2.777    3.227 10  1    0 1440
 12    5.115   -1.683 10  1    0 1440
 13   -1.921    2.375 10  1    0 1440
 14   -4.664   -5.295 10  1    0 1440
 15   -1.059   -1.663 10  1    0 1440
 16    3.515    1.262 10  1    0 1440
 17   -3.738    1.226 10  1    0 1440
 18    8.279    2.584 10  1    0 1440
 19    0.894   -0.372 10  1    0 1440
 20   -5.666    2.555 10  1    0 1440
 21   -5.202   -4.014 10  1    0 1440
 22    3.927    1.279 10  1    0 1440
 23    1.976    2.123 10  1    0 1440
 24   -2.307   -1.266 10  1    0 1440
 25    1.569    5.237 10  1    0 1440
 26    5.877   -0.706 10  1    0 1440
 27   -3.309    7.227 10  1    0 1440
 28    0.255    4.685 10  1    0 1440
 29   -1.872    7.313 10  1    0 1440
 30   -6.763   -2.068 10  1    0 1440
 31   -7.686   -1.137 10  1    0 1440
 32   -2.419   -3.826 10  1    0 1440
 33   -2.037   -3.190 10  1    0 1440
 34    0.929    3.962 10  1    0 1440
 35    2.604    3.597 10  1    0 1440
 36   -5.739   -4.526 10  1    0 1440
 37    0.149   -6.259 10  1  479  496
 38    3.494    1.367 10  1  211  226
 39   -2.229    4.565 10  1  134  176
 40   -0.592    4.406 10  1  454  479
 41   -3.845   -2.354 10  1  167  209
 42    2.889    3.394 10  1  330  349
 43   -3.539   -0.534 10  1  374  396
 44   -1.950    1.352 10  1  193  208
 45   -0.922   -3.099 10  1  421  452
 46   -2.213   -1.707 10  1  184  204
 47   -2.283    3.681 10  1  216  255
 48   -6.136   -1.846 10  1  318  336
 49    5.013   -6.605 10  1  314  339
 50    2.565    2.414 10  1  111  147
 51    6.552    4.281 10  1  356  379
 52   -6.096   -4.792 10  1   75  111
 53   -0.907    4.280 10  1  210  236
 54   -1.906    0.448 10  1  357  388
 55   -5.407   -0.387 10  1  186  220
 56   -2.560   -1.887 10  1  435  466
 57   -1.871    8.430 10  1  290  321
 58   -7.018   -3.917 10  1  352  375
 59   -1.464   -0.045 10  1  385  400
 60   -7.647   -3.892 10  1  199  233
 61    4.409    1.243 10  1  295  328
 62   -2.277   -5.087 10  1  400  442
 63    1.910    4.467 10  1  244  271
 64   -4.402   -3.994 10  1   82   98
 65   -0.297   -0.406 10  1  383  403
 66   -2.426    3.591 10  1  387  416
 67   -6.188   -7.390 10  1  252  291
 68   -0.564   -2.672 10  1  136  175
 69    4.584   -3.683 10  1  150  191
 70   -5.175   -7.984 10  1  207  237
 71   -3.301    1.099 10  1  285  307
 72   -2.565   -0.037 10  1   90  107
 73   -2.150    6.149 10 -1  389  427
 74    0.203    2.673 10 -1  221  252
 75   -2.676    1.481 10 -1  388  424
 76   -3.726   -4.486 10 -1  140  165
 77   -0.086   -1.642 10 -1  204  219
 78   -5.116    3.497 10 -1  175  213
 79   -4.127   -7.689 10 -1  240  264
 80   -3.026    7.470 10 -1  408  429
 81   -4.637   -0.151 10 -1  271  304
 82   -7.162    7.308 10 -1  345  388
 83   -4.661   -3.995 10 -1  238  278
 84   -3.024    6.710 10 -1  386  420
 85   -4.100   -4.304 10 -1  375  393
 86   -7.429   -5.231 10 -1  125  148
 87   -1.761   -7.185 10 -1  216  237
 88    0.235   -8.181 10 -1  216  235
 89   -8.549   -5.406 10 -1  479  516
 90    2.382    1.057 10 -1  360  398
 91   -2.453   -3.173 10 -1  259  301
 92   -4.247   -1.501 10 -1  111  150
 93   -3.362    5.033 10 -1  443  469
 94   -8.146   -4.156 10 -1  313  338
 95   -7.350   -4.828 10 -1  364  392
 96   -0.305    7.090 10 -1  288  309
 97    0.095    2.546 10 -1   77   98
 98   -5.414    1.353 10 -1  140  168
 99   -3.063    0.753 10 -1   94  138
100   -6.833   -3.428 10 -1  104  143
101    0.718    5.793 10 -1  100  122
102    0.471    4.867 10 -1  110  139
103    5.809    2.638 10 -1  266  295
104    1.835    3.478 10 -1  322  351
105   -4.463   -6.197 10 -1  165  190
106    0.523    2.607 10 -1  173  209
107   -4.806   -3.676 10 -1  164  190
108   -0.359   -2.773 10 -1  170  192 
109    0.981    3.690 10 -1    0 1440
110    5.946    0.123 10 -1    0 1440
111   -4.752    1.987 10 -1    0 1440
112   -4.843   -5.032 10 -1    0 1440
113    4.467    2.095 10 -1    0 1440
114   -1.923    3.277 10 -1    0 1440
115   -1.566    1.746 10 -1    0 1440
116   -9.167    7.772 10 -1    0 1440
117   -3.003   -7.828 10 -1    0 1440
118    7.366    3.294 10 -1    0 1440
119    2.240   -6.008 10 -1    0 1440
120    6.121   -1.350 10 -1    0 1440
121    2.213   -5.001 10 -1    0 1440
122   -0.632    5.667 10 -1    0 1440
123   -2.047    1.288 10 -1    0 1440
124   -6.108   -4.477 10 -1    0 1440
125   -0.958   -1.937 10 -1    0 1440
126    0.563   -8.850 10 -1    0 1440
127   -0.262    2.213 10 -1    0 1440
128    4.050    3.234 10 -1    0 1440
129   -0.330    3.677 10 -1    0 1440
130   -5.099    1.978 10 -1    0 1440
131   -7.052   -0.381 10 -1    0 1440
132    0.420    0.081 10 -1    0 1440
133    0.996    2.634 10 -1    0 1440
134    1.354   -2.131 10 -1    0 1440
135   -2.187   -1.877 10 -1    0 1440
136   -3.716   -3.077 10 -1    0 1440
137   -8.697    1.034 10 -1    0 1440
138   -4.727   -4.633 10 -1    0 1440
139    0.409   -1.935 10 -1    0 1440
140    0.420    3.029 10 -1    0 1440
141   -4.202    5.399 10 -1    0 1440
142    3.510   -1.089 10 -1    0 1440
143    6.119   -5.987 10 -1    0 1440
144   -3.467   -0.134 10 -1    0 1440
