8 216 480 6 90
  0    0.387   -0.260  0  0    0 1440
  1   -4.123   -6.636 10  1    0 1440
  2    3.406   -5.936 10  1    0 1440
  3    2.092   -5.258 10  1    0 1440
  4   -3.854   -3.740 10  1    0 1440
  5    4.106    2.293 10  1    0 1440
  6   -5.403   -5.313 10  1    0 1440
  7    0.810    8.072 10  1    0 1440
  8    8.130    1.341 10  1    0 1440
  9    1.446   -0.297 10  1    0 1440
 10   -5.254    6.011 10  1    0 1440
 11   -5.720   -3.423 10  1    0 1440
 12   -6.555   -4.022 10  1    0 1440
 13   -1.975   -1.028 10  1    0 1440
 14   -2.696   -8.701 10  1    0 1440
 15    0.319   -8.865 10  1    0 1440
 16    3.452    3.284 10  1    0 1440
 17    8.003    0.527 10  1    0 1440
 18   -3.984   -6.773 10  1    0 1440
 19    1.460    1.137 10  1    0 1440
 20   -2.099   -8.051 10  1    0 1440
 21    4.824    4.728 10  1    0 1440
 22    5.934   -3.186 10  1    0 1440
 23   -1.399   -4.562 10  1    0 1440
 24    3.240   -3.253 10  1    0 1440
 25    0.283    5.082 10  1    0 1440
 26   -6.608   -3.469 10  1    0 1440
 27   -1.366    1.864 10  1    0 1440
 28   -5.934    1.277 10  1    0 1440
 29   -0.513   -1.846 10  1    0 1440
 30   -2.296   -2.173 10  1    0 1440
 31    5.813    4.661 10  1    0 1440
 32   -4.960   -7.662 10  1    0 1440
 33   -0.480    4.304 10  1    0 1440
 34    6.862   -1.962 10  1    0 1440
 35    3.792    6.360 10  1    0 1440
 36    0.125   -2.655 10  1    0 1440
 37   -3.795    0.169 10  1    0 1440
 38   -4.050    0.804 10  1    0 1440
 39   -0.839   -3.868 10  1    0 1440
 40   -3.673    2.549 10  1    0 1440
 41   -4.775   -5.007 10  1    0 1440
 42    2.260   -2.836 10  1    0 1440
 43   -3.637   -4.816 10  1    0 1440
 44    7.545   -1.342 10  1    0 1440
 45   -6.452   -1.323 10  1    0 1440
 46    0.126    2.916 10  1    0 1440
 47   -0.157   -3.597 10  1    0 1440
 48    4.675    0.670 10  1    0 1440
 49    8.208    2.706 10  1    0 1440
 50    7.469    1.937 10  1    0 1440
 51    4.702    0.934 10  1    0 1440
 52   -6.204   -2.133 10  1    0 1440
 53    0.919    2.004 10  1    0 1440
 54   -0.309    2.158 10  1    0 1440
 55   -7.545    1.309 10  1  186  220
 56    1.003   -6.374 10  1  435  466
 57    7.181    2.650 10  1  290  321
 58    1.884   -3.802 10  1  352  375
 59   -1.054   -3.131 10  1  385  400
 60    0.825   -9.115 10  1  199  233
 61    7.282   -3.892 10  1  295  328
 62   -3.016    3.878 10  1  400  442
 63   -5.626   -0.555 10  1  244  271
 64   -0.840   -3.760 10  1   82   98
 65    1.502    1.371 10  1  383  403
 66   -6.020    2.429 10  1  387  416
 67   -1.379   -2.711 10  1  252  291
 68   -3.480   -2.220 10  1  136  175
 69    6.964    8.306 10  1  150  191
 70   -4.444    3.009 10  1  207  237
 71    4.863    0.302 10  1  285  307
 72   -1.531    5.171 10  1   90  107
 73    3.626    2.678 10  1  389  427
 74    5.996    2.431 10  1  221  252
 75    5.530    0.663 10  1  388  424
 76    3.996    4.830 10  1  140  165
 77   -4.889   -7.110 10  1  204  219
 78   -0.234   -6.291 10  1  175  213
 79    0.949   -4.190 10  1  240  264
 80   -5.467   -1.844 10  1  408  429
 81    1.098   -0.761 10  1  271  304
 82   -6.982   -5.035 10  1  345  388
 83   -4.031   -0.745 10  1  238  278
 84    6.224    4.363 10  1  386  420
 85    2.908    6.312 10  1  375  393
 86   -1.207   -2.151 10  1  125  148
 87    1.473    2.891 10  1  216  237
 88   -6.309   -6.011 10  1  216  235
 89    3.365   -0.093 10  1  479  516
 90   -1.222    1.415 10  1  360  398
 91   -8.997    5.151 10  1  259  301
 92   -0.076    4.134 10  1  111  150
 93    8.069    3.298 10  1  443  469
 94   -5.339   -1.424 10  1  313  338
 95   -5.328   -6.414 10  1  364  392
 96    7.326    1.067 10  1  288  309
 97    5.961    1.345 10  1   77   98
 98   -3.701    0.648 10  1  140  168
 99   -5.366    2.169 10  1   94  138
100   -3.689    1.837 10  1  104  143
101   -0.461   -1.381 10  1  100  122
102    5.380    3.699 10  1  110  139
103    4.847   -6.604 10  1  266  295
104   -4.639   -2.093 10  1  322  351
105   -1.504   -4.085 10  1  165  190
106   -7.362   -0.955 10  1  173  209
107    9.285    4.559 10  1  164  190
108    3.356    2.806 10  1  289  308
109    4.732    2.441 10 -1  391  410
110   -0.661   -3.016 10 -1  272  302
111    1.210    2.384 10 -1  305  321
112   -6.196    2.624 10 -1  372  405
113    2.388    0.981 10 -1  174  217
114    4.978    0.687 10 -1   98  123
115   -5.302   -2.148 10 -1  440  460
116    5.496    0.298 10 -1  138  153
117    0.487   -6.959 10 -1  253  277
118    3.395    4.521 10 -1  257  300
119   -3.217   -2.362 10 -1  396  413
120   -1.755   -4.676 10 -1  246  262
121    3.174    3.397 10 -1  244  280
122    4.537    2.213 10 -1  387  422
123   -0.522   -2.311 10 -1  104  128
124   -5.106   -4.655 10 -1  417  458
125    1.177    1.113 10 -1  260  285
126   -3.976   -1.302 10 -1  232  248
127    2.793    2.932 10 -1  229  248
128    3.374    6.659 10 -1  349  384
129   -9.181    2.986 10 -1   98  136
130   -2.463   -6.870 10 -1   72  116
131    4.466    2.046 10 -1  471  492
132    4.545   -2.107 10 -1  479  507
133   -3.737   -1.210 10 -1  280  309
134    4.200    0.015 10 -1  225  249
135   -4.282   -3.017 10 -1  297  337
136    3.491   -0.458 10 -1  219  234
137   -6.514   -4.308 10 -1  292  311
138    2.027   -0.500 10 -1  350  384
139   -3.673   -0.893 10 -1  264  295
140   -2.698   -1.957 10 -1  292  335
141   -3.130   -8.381 10 -1  437  480
142   -2.679    1.251 10 -1   71   95
143   -3.936   -5.852 10 -1  110  146
144   -3.437    0.061 10 -1  471  492
145    4.337    0.419 10 -1  268  283
146   -3.823   -0.945 10 -1  148  177
147   -2.561   -9.924 10 -1  155  176
148    4.806    2.952 10 -1  445  482
149   -4.363   -3.232 10 -1  344  368
150   -1.660   -2.933 10 -1   93  115
151   -2.981   -1.241 10 -1  123  151
152   -5.191   -2.871 10 -1  164  200
153   -0.180   -1.867 10 -1  319  362
154    1.874    2.140 10 -1  212  230
155    6.012    0.779 10 -1  262  304
156    4.308    4.202 10 -1   88  114
157   -3.944   -0.590 10 -1  429  446
158   -3.589   -1.603 10 -1  347  362
159   -4.183    3.899 10 -1  400  434
160    8.450    2.982 10 -1  150  174
161   -1.756   -1.048 10 -1  342  369
162   -4.838   -4.892 10 -1  329  355
163   -4.934   -1.797 10 -1    0 1440
164    1.609   -0.249 10 -1    0 1440
165    6.553    1.403 10 -1    0 1440
166   -0.293    1.322 10 -1    0 1440
167   -1.877   -2.366 10 -1    0 1440
168   -9.110   -8.074 10 -1    0 1440
169   -2.109   -1.329 10 -1    0 1440
170    4.699    1.722 10 -1    0 1440
171   -6.196   -3.304 10 -1    0 1440
172   -0.900   -2.545 10 -1    0 1440
173    3.366   -0.767 10 -1    0 1440
174   -2.559   -1.084 10 -1    0 1440
175    3.656   -0.244 10 -1    0 1440
176    0.714    2.482 10 -1    0 1440
177   -4.317   -3.049 10 -1    0 1440
178   -2.123    0.075 10 -1    0 1440
179    1.970    1.077 10 -1    0 1440
180   -0.649   -2.942 10 -1    0 1440
181    5.439    0.863 10 -1    0 1440
182    6.420    7.761 10 -1    0 1440
183    4.038    0.161 10 -1    0 1440
184   -4.171   -0.513 10 -1    0 1440
185    7.427   -1.992 10 -1    0 1440
186   -7.400   -5.463 10 -1    0 1440
187    2.971    1.545 10 -1    0 1440
188    2.378    1.218 10 -1    0 1440
189    4.258    4.533 10 -1    0 1440
190   -1.673   -1.656 10 -1    0 1440
191   -1.470   -0.012 10 -1    0 1440
192   -1.977    0.839 10 -1    0 1440
193   -3.027    1.489 10 -1    0 1440
194   -6.312   -6.746 10 -1    0 1440
195    8.603    3.892 10 -1    0 1440
196    7.948   -2.487 10 -1    0 1440
197    3.514    1.473 10 -1    0 1440
198   -4.937   -0.905 10 -1    0 1440
199   -4.947   -1.758 10 -1    0 1440
200    5.750    1.633 10 -1    0 1440
201    5.489    1.202 10 -1    0 1440
202   -5.303   -3.318 10 -1    0 1440
203   -0.041    1.664 10 -1    0 1440
204    2.159    1.614 10 -1    0 1440
205   -4.692   -4.926 10 -1    0 1440
206    1.846    1.973 10 -1    0 1440
207    3.582    1.976 10 -1    0 1440
208    7.187    2.903 10 -1    0 1440
209   -5.638   -4.276 10 -1    0 1440
210   -2.580    2.516 10 -1    0 1440
211   -0.568    3.385 10 -1    0 1440
212    5.404   -0.529 10 -1    0 1440
213   -6.307    2.738 10 -1    0 1440
214   -1.686   -4.977 10 -1    0 1440
215    4.792    1.363 10 -1    0 1440
216   -1.072   -0.208 10 -1    0 1440
